28 26 Pedestrian -1 -1 -1.80 988.55 561.87 1022.02 628.61 1.70 0.61 0.58 6.35 0.11 30.08 -1.59
29 26 Pedestrian -1 -1 -1.80 990.77 561.30 1024.72 628.69 1.70 0.61 0.58 6.36 0.10 29.82 -1.59
30 26 Pedestrian -1 -1 -1.80 993.03 560.73 1027.48 628.76 1.70 0.61 0.58 6.37 0.09 29.55 -1.59
31 26 Pedestrian -1 -1 -1.81 995.33 560.14 1030.28 628.84 1.70 0.61 0.58 6.38 0.08 29.29 -1.59
32 26 Pedestrian -1 -1 -1.81 997.67 559.55 1033.14 628.92 1.70 0.61 0.58 6.39 0.08 29.02 -1.59
33 27 Pedestrian -1 -1 -1.80 958.09 566.23 985.00 632.76 1.65 0.54 0.59 5.18 0.21 28.51 -1.62
33 26 Pedestrian -1 -1 -1.81 1000.06 558.94 1036.05 629.00 1.70 0.61 0.58 6.40 0.07 28.76 -1.59
34 27 Pedestrian -1 -1 -1.80 960.04 566.52 987.08 633.76 1.65 0.54 0.59 5.17 0.22 28.23 -1.62
34 26 Pedestrian -1 -1 -1.81 1002.49 558.32 1039.01 629.08 1.70 0.61 0.58 6.40 0.06 28.49 -1.59
35 27 Pedestrian -1 -1 -1.80 961.83 566.77 989.41 634.77 1.65 0.54 0.59 5.17 0.23 27.94 -1.62
35 26 Pedestrian -1 -1 -1.82 1004.96 557.69 1042.03 629.16 1.70 0.61 0.58 6.41 0.05 28.23 -1.59
36 27 Pedestrian -1 -1 -1.80 963.66 567.02 991.78 635.80 1.65 0.54 0.59 5.17 0.25 27.66 -1.62
36 26 Pedestrian -1 -1 -1.82 1007.48 557.05 1045.11 629.24 1.70 0.61 0.58 6.42 0.05 27.96 -1.59
37 27 Pedestrian -1 -1 -1.80 965.53 567.27 994.20 636.86 1.65 0.54 0.59 5.17 0.26 27.38 -1.62
37 26 Pedestrian -1 -1 -1.82 1010.05 556.40 1048.25 629.33 1.70 0.61 0.58 6.43 0.04 27.70 -1.59
38 27 Pedestrian -1 -1 -1.80 967.43 567.54 996.67 637.94 1.65 0.54 0.59 5.17 0.27 27.09 -1.62
38 26 Pedestrian -1 -1 -1.82 1012.67 555.73 1051.45 629.41 1.70 0.61 0.58 6.44 0.03 27.43 -1.59
39 27 Pedestrian -1 -1 -1.81 969.38 567.80 999.20 639.03 1.65 0.54 0.59 5.17 0.29 26.81 -1.62
39 26 Pedestrian -1 -1 -1.83 1015.49 555.07 1054.63 629.43 1.70 0.61 0.58 6.45 0.02 27.18 -1.59
40 27 Pedestrian -1 -1 -1.81 971.37 568.08 1001.78 640.16 1.65 0.54 0.59 5.16 0.30 26.52 -1.61
40 26 Pedestrian -1 -1 -1.83 1018.36 554.40 1057.87 629.45 1.70 0.61 0.58 6.46 0.02 26.92 -1.59
41 27 Pedestrian -1 -1 -1.81 973.40 568.36 1004.41 641.30 1.65 0.54 0.59 5.16 0.31 26.24 -1.61
41 26 Pedestrian -1 -1 -1.83 1021.29 553.71 1061.18 629.47 1.70 0.61 0.58 6.48 0.01 26.67 -1.59
42 27 Pedestrian -1 -1 -1.81 975.80 567.76 1007.44 641.59 1.65 0.54 0.59 5.17 0.31 25.95 -1.61
42 26 Pedestrian -1 -1 -1.83 1024.27 553.01 1064.55 629.49 1.70 0.61 0.58 6.49 0.00 26.42 -1.59
43 27 Pedestrian -1 -1 -1.81 978.25 567.15 1010.53 641.88 1.65 0.54 0.59 5.17 0.30 25.67 -1.61
43 26 Pedestrian -1 -1 -1.84 1027.31 552.30 1067.98 629.51 1.70 0.61 0.58 6.50 -0.01 26.16 -1.59
44 27 Pedestrian -1 -1 -1.81 980.76 566.53 1013.69 642.18 1.65 0.54 0.59 5.18 0.29 25.39 -1.61
44 26 Pedestrian -1 -1 -1.84 1030.41 551.57 1071.48 629.53 1.70 0.61 0.58 6.51 -0.02 25.91 -1.59
45 27 Pedestrian -1 -1 -1.81 983.32 565.89 1016.93 642.49 1.65 0.54 0.59 5.19 0.28 25.10 -1.61
45 26 Pedestrian -1 -1 -1.84 1033.57 550.83 1075.06 629.55 1.70 0.61 0.58 6.52 -0.02 25.66 -1.59
46 27 Pedestrian -1 -1 -1.82 985.95 565.24 1020.24 642.80 1.65 0.54 0.59 5.19 0.28 24.82 -1.61
46 26 Pedestrian -1 -1 -1.84 1036.79 550.07 1078.70 629.57 1.70 0.61 0.58 6.54 -0.03 25.41 -1.59
47 27 Pedestrian -1 -1 -1.82 988.63 564.58 1023.63 643.12 1.65 0.54 0.59 5.20 0.27 24.53 -1.61
47 26 Pedestrian -1 -1 -1.85 1040.07 549.30 1082.42 629.60 1.70 0.61 0.58 6.55 -0.04 25.15 -1.59
48 28 Pedestrian -1 -1 -1.80 951.14 561.02 988.93 643.69 1.69 0.60 0.59 4.30 0.23 23.85 -1.62
48 27 Pedestrian -1 -1 -1.82 991.37 563.90 1027.09 643.45 1.65 0.54 0.59 5.20 0.26 24.25 -1.61
48 26 Pedestrian -1 -1 -1.85 1043.42 548.51 1086.21 629.62 1.70 0.61 0.58 6.56 -0.05 24.90 -1.59
49 28 Pedestrian -1 -1 -1.80 953.09 561.53 991.80 645.15 1.69 0.60 0.59 4.31 0.25 23.64 -1.62
49 27 Pedestrian -1 -1 -1.82 994.18 563.20 1030.64 643.78 1.65 0.54 0.59 5.21 0.26 23.96 -1.61
49 26 Pedestrian -1 -1 -1.85 1046.69 548.72 1089.89 630.58 1.70 0.61 0.58 6.58 -0.03 24.67 -1.59
50 28 Pedestrian -1 -1 -1.80 955.07 562.05 994.73 646.62 1.69 0.60 0.59 4.32 0.26 23.42 -1.62
50 27 Pedestrian -1 -1 -1.82 997.05 562.49 1034.28 644.12 1.65 0.54 0.59 5.22 0.25 23.68 -1.61
50 26 Pedestrian -1 -1 -1.86 1050.01 548.94 1093.63 631.56 1.70 0.61 0.58 6.59 -0.02 24.44 -1.59
51 28 Pedestrian -1 -1 -1.80 957.09 562.58 997.71 648.12 1.69 0.60 0.59 4.33 0.28 23.20 -1.62
51 27 Pedestrian -1 -1 -1.83 1000.00 561.76 1038.01 644.47 1.65 0.54 0.59 5.22 0.24 23.40 -1.61
51 26 Pedestrian -1 -1 -1.86 1053.40 549.15 1097.45 632.56 1.70 0.61 0.58 6.60 -0.01 24.21 -1.59
52 28 Pedestrian -1 -1 -1.80 959.15 563.13 1000.75 649.65 1.69 0.60 0.59 4.34 0.30 22.98 -1.62
52 27 Pedestrian -1 -1 -1.83 1002.48 561.74 1041.27 645.42 1.65 0.54 0.59 5.23 0.25 23.15 -1.61
52 26 Pedestrian -1 -1 -1.86 1056.85 549.38 1101.34 633.57 1.70 0.61 0.58 6.62 0.00 23.97 -1.59
53 28 Pedestrian -1 -1 -1.80 961.24 563.67 1003.84 651.21 1.69 0.60 0.59 4.35 0.32 22.76 -1.61
53 27 Pedestrian -1 -1 -1.83 1005.01 561.71 1044.61 646.38 1.65 0.54 0.59 5.23 0.26 22.91 -1.60
53 26 Pedestrian -1 -1 -1.86 1060.37 549.60 1105.31 634.61 1.70 0.61 0.58 6.63 0.02 23.74 -1.59
54 28 Pedestrian -1 -1 -1.80 963.38 564.23 1007.00 652.80 1.69 0.60 0.59 4.36 0.34 22.55 -1.61
54 27 Pedestrian -1 -1 -1.83 1007.60 561.69 1048.02 647.37 1.65 0.54 0.59 5.24 0.26 22.67 -1.60
54 26 Pedestrian -1 -1 -1.87 1063.96 549.83 1109.36 635.67 1.70 0.61 0.58 6.65 0.03 23.51 -1.59
55 28 Pedestrian -1 -1 -1.81 965.56 564.80 1010.22 654.41 1.69 0.60 0.59 4.37 0.35 22.33 -1.61
55 27 Pedestrian -1 -1 -1.83 1010.24 561.67 1051.51 648.37 1.65 0.54 0.59 5.24 0.27 22.43 -1.60
55 26 Pedestrian -1 -1 -1.87 1067.59 551.89 1113.43 638.51 1.70 0.61 0.58 6.67 0.08 23.30 -1.59
56 28 Pedestrian -1 -1 -1.81 967.78 565.38 1013.50 656.06 1.69 0.60 0.59 4.38 0.37 22.11 -1.61
56 27 Pedestrian -1 -1 -1.83 1012.94 561.65 1055.07 649.40 1.65 0.54 0.59 5.24 0.28 22.19 -1.60
56 26 Pedestrian -1 -1 -1.87 1071.28 553.98 1117.57 641.40 1.70 0.61 0.58 6.68 0.13 23.08 -1.59
57 28 Pedestrian -1 -1 -1.81 970.05 565.98 1016.84 657.73 1.69 0.60 0.59 4.39 0.39 21.89 -1.61
57 27 Pedestrian -1 -1 -1.84 1015.70 561.63 1058.71 650.45 1.65 0.54 0.59 5.25 0.28 21.94 -1.60
57 26 Pedestrian -1 -1 -1.88 1075.04 556.12 1121.79 644.34 1.70 0.61 0.58 6.70 0.18 22.87 -1.59
58 28 Pedestrian -1 -1 -1.81 972.37 566.59 1020.25 659.44 1.69 0.60 0.59 4.40 0.41 21.68 -1.61
58 27 Pedestrian -1 -1 -1.84 1018.52 561.61 1062.43 651.53 1.65 0.54 0.59 5.25 0.29 21.70 -1.60
58 26 Pedestrian -1 -1 -1.88 1078.88 558.30 1126.10 647.35 1.70 0.61 0.58 6.72 0.23 22.65 -1.59
59 28 Pedestrian -1 -1 -1.81 976.19 565.27 1024.80 659.24 1.69 0.60 0.59 4.43 0.39 21.41 -1.61
59 27 Pedestrian -1 -1 -1.84 1021.41 561.59 1066.24 652.62 1.65 0.54 0.59 5.26 0.30 21.46 -1.60
59 26 Pedestrian -1 -1 -1.88 1082.97 557.69 1130.74 647.71 1.70 0.61 0.58 6.73 0.22 22.41 -1.59
60 28 Pedestrian -1 -1 -1.82 980.11 563.92 1029.45 659.03 1.69 0.60 0.59 4.45 0.37 21.15 -1.61
60 27 Pedestrian -1 -1 -1.84 1024.36 561.57 1070.13 653.75 1.65 0.54 0.59 5.26 0.30 21.22 -1.60
60 26 Pedestrian -1 -1 -1.89 1087.15 557.07 1135.48 648.08 1.70 0.61 0.58 6.75 0.22 22.16 -1.59
61 28 Pedestrian -1 -1 -1.82 984.12 562.51 1034.23 658.82 1.69 0.60 0.59 4.48 0.35 20.89 -1.61
61 27 Pedestrian -1 -1 -1.84 1027.37 561.55 1074.12 654.89 1.65 0.54 0.59 5.27 0.31 20.98 -1.60
61 26 Pedestrian -1 -1 -1.89 1091.42 556.43 1140.34 648.46 1.70 0.61 0.58 6.76 0.21 21.91 -1.59
62 28 Pedestrian -1 -1 -1.83 988.24 561.05 1039.13 658.60 1.69 0.60 0.59 4.51 0.33 20.63 -1.61
62 27 Pedestrian -1 -1 -1.85 1031.35 560.30 1078.91 654.96 1.65 0.54 0.59 5.27 0.29 20.69 -1.60
62 26 Pedestrian -1 -1 -1.89 1095.79 555.78 1145.30 648.85 1.70 0.61 0.58 6.77 0.21 21.67 -1.59
63 28 Pedestrian -1 -1 -1.84 992.46 559.55 1044.15 658.38 1.69 0.60 0.59 4.53 0.31 20.36 -1.62
63 27 Pedestrian -1 -1 -1.85 1035.44 559.02 1083.83 655.04 1.65 0.54 0.59 5.28 0.28 20.41 -1.60
63 26 Pedestrian -1 -1 -1.90 1100.25 555.11 1150.38 649.25 1.70 0.61 0.58 6.78 0.20 21.42 -1.59
64 28 Pedestrian -1 -1 -1.84 996.79 558.01 1049.31 658.15 1.69 0.60 0.59 4.56 0.29 20.10 -1.62
64 27 Pedestrian -1 -1 -1.85 1036.84 557.99 1085.93 655.21 1.65 0.54 0.59 5.25 0.27 20.16 -1.60
64 26 Pedestrian -1 -1 -1.90 1104.82 554.43 1155.58 649.66 1.70 0.61 0.58 6.80 0.20 21.18 -1.59
65 28 Pedestrian -1 -1 -1.85 1001.24 556.42 1054.61 657.92 1.69 0.60 0.59 4.58 0.27 19.84 -1.62
65 27 Pedestrian -1 -1 -1.85 1041.62 556.56 1091.51 655.01 1.65 0.54 0.59 5.28 0.25 19.92 -1.60
65 26 Pedestrian -1 -1 -1.91 1109.50 553.73 1160.90 650.08 1.70 0.61 0.58 6.81 0.19 20.93 -1.59
66 28 Pedestrian -1 -1 -1.85 1005.80 554.80 1060.04 657.67 1.69 0.60 0.59 4.61 0.25 19.58 -1.62
66 27 Pedestrian -1 -1 -1.86 1046.52 555.09 1097.23 654.81 1.65 0.54 0.59 5.30 0.23 19.67 -1.59
66 26 Pedestrian -1 -1 -1.91 1114.28 553.02 1166.35 650.50 1.70 0.61 0.58 6.82 0.19 20.68 -1.59
67 28 Pedestrian -1 -1 -1.86 1010.48 553.13 1065.63 657.43 1.69 0.60 0.59 4.63 0.23 19.32 -1.62
67 27 Pedestrian -1 -1 -1.86 1051.53 553.59 1103.09 654.60 1.65 0.54 0.59 5.33 0.22 19.43 -1.59
67 26 Pedestrian -1 -1 -1.91 1119.18 552.29 1171.94 650.94 1.70 0.61 0.58 6.84 0.18 20.44 -1.59
68 28 Pedestrian -1 -1 -1.86 1015.29 551.41 1071.38 657.17 1.69 0.60 0.59 4.66 0.21 19.05 -1.62
68 27 Pedestrian -1 -1 -1.87 1056.68 552.05 1109.11 654.38 1.65 0.54 0.59 5.36 0.20 19.18 -1.59
68 26 Pedestrian -1 -1 -1.92 1124.20 551.54 1177.66 651.39 1.70 0.61 0.58 6.85 0.18 20.19 -1.59
69 28 Pedestrian -1 -1 -1.87 1019.90 551.11 1076.78 658.08 1.69 0.60 0.59 4.69 0.22 18.84 -1.62
69 27 Pedestrian -1 -1 -1.87 1061.95 550.47 1115.28 654.16 1.65 0.54 0.59 5.38 0.18 18.94 -1.59
69 26 Pedestrian -1 -1 -1.92 1131.72 550.54 1186.01 651.69 1.70 0.61 0.58 6.90 0.17 19.93 -1.59
70 28 Pedestrian -1 -1 -1.87 1024.61 550.81 1082.31 659.01 1.69 0.60 0.59 4.72 0.22 18.63 -1.63
70 27 Pedestrian -1 -1 -1.87 1067.36 548.85 1121.62 653.94 1.65 0.54 0.59 5.41 0.16 18.69 -1.59
70 26 Pedestrian -1 -1 -1.93 1139.43 549.51 1194.58 651.99 1.70 0.61 0.58 6.95 0.16 19.67 -1.59
71 28 Pedestrian -1 -1 -1.88 1029.42 550.49 1087.97 659.96 1.69 0.60 0.59 4.75 0.22 18.42 -1.63
71 27 Pedestrian -1 -1 -1.88 1072.91 547.18 1128.13 653.70 1.65 0.54 0.59 5.44 0.15 18.45 -1.59
71 26 Pedestrian -1 -1 -1.94 1147.35 548.46 1203.39 652.30 1.70 0.61 0.58 7.00 0.15 19.41 -1.59
72 28 Pedestrian -1 -1 -1.89 1034.35 550.17 1093.76 660.94 1.69 0.60 0.59 4.78 0.22 18.20 -1.63
72 27 Pedestrian -1 -1 -1.88 1079.53 547.56 1135.36 655.39 1.65 0.54 0.59 5.48 0.16 18.22 -1.59
72 26 Pedestrian -1 -1 -1.94 1155.48 547.37 1212.43 652.62 1.70 0.61 0.58 7.05 0.14 19.15 -1.59
73 28 Pedestrian -1 -1 -1.89 1039.39 549.84 1099.69 661.94 1.69 0.60 0.59 4.81 0.23 17.99 -1.63
73 27 Pedestrian -1 -1 -1.89 1086.31 547.95 1142.79 657.12 1.65 0.54 0.59 5.53 0.18 17.99 -1.59
73 26 Pedestrian -1 -1 -1.95 1163.83 546.26 1221.73 652.96 1.70 0.61 0.58 7.10 0.14 18.89 -1.59
74 28 Pedestrian -1 -1 -1.90 1044.55 549.50 1105.76 662.96 1.69 0.60 0.59 4.84 0.23 17.78 -1.63
74 27 Pedestrian -1 -1 -1.89 1093.27 548.35 1150.41 658.89 1.65 0.54 0.59 5.57 0.19 17.76 -1.59
74 26 Pedestrian -1 -1 -1.96 1172.42 545.11 1231.29 653.29 1.70 0.61 0.58 7.16 0.13 18.63 -1.59
75 28 Pedestrian -1 -1 -1.90 1049.84 549.16 1111.98 664.01 1.69 0.60 0.59 4.88 0.23 17.57 -1.63
75 27 Pedestrian -1 -1 -1.90 1100.41 548.77 1158.24 660.71 1.65 0.54 0.59 5.61 0.20 17.53 -1.59
75 26 Pedestrian -1 -1 -1.96 1181.23 543.93 1241.12 653.64 1.70 0.61 0.58 7.21 0.12 18.37 -1.59
76 28 Pedestrian -1 -1 -1.91 1055.25 548.80 1118.36 665.08 1.69 0.60 0.59 4.91 0.23 17.36 -1.63
76 27 Pedestrian -1 -1 -1.90 1107.73 549.19 1166.27 662.58 1.65 0.54 0.59 5.66 0.22 17.30 -1.59
76 26 Pedestrian -1 -1 -1.97 1190.30 542.72 1251.25 654.00 1.70 0.61 0.58 7.26 0.11 18.11 -1.59
77 28 Pedestrian -1 -1 -1.92 1060.79 548.44 1124.89 666.18 1.69 0.60 0.59 4.94 0.24 17.14 -1.63
77 27 Pedestrian -1 -1 -1.91 1115.25 549.63 1174.53 664.50 1.65 0.54 0.59 5.70 0.23 17.07 -1.59
77 26 Pedestrian -1 -1 -1.98 1199.63 541.47 1261.66 654.37 1.70 0.61 0.58 7.31 0.10 17.86 -1.59
78 28 Pedestrian -1 -1 -1.92 1080.85 555.59 1146.19 676.72 1.69 0.60 0.59 5.10 0.35 16.64 -1.62
78 27 Pedestrian -1 -1 -1.91 1122.96 550.08 1183.01 666.47 1.65 0.54 0.59 5.74 0.25 16.84 -1.58
78 26 Pedestrian -1 -1 -1.99 1209.23 540.19 1272.40 654.76 1.70 0.61 0.58 7.36 0.09 17.60 -1.59
79 28 Pedestrian -1 -1 -1.92 1086.79 555.81 1152.54 678.17 1.69 0.60 0.59 5.13 0.36 16.46 -1.62
79 27 Pedestrian -1 -1 -1.92 1130.89 550.54 1191.74 668.50 1.65 0.54 0.59 5.78 0.26 16.61 -1.58
79 26 Pedestrian -1 -1 -1.99 1217.68 538.96 1281.76 654.85 1.70 0.61 0.58 7.41 0.08 17.39 -1.59
80 28 Pedestrian -1 -1 -2.10 1084.33 559.39 1158.93 681.65 1.66 0.66 0.59 5.10 0.41 16.26 -1.79
80 27 Pedestrian -1 -1 -2.11 1133.90 553.18 1207.08 673.69 1.65 0.66 0.59 5.84 0.31 16.38 -1.77
80 26 Pedestrian -1 -1 -2.19 1216.51 542.52 1297.59 661.73 1.70 0.75 0.67 7.39 0.16 17.09 -1.78
81 28 Pedestrian -1 -1 -1.93 1099.06 556.28 1165.68 681.16 1.69 0.60 0.59 5.19 0.38 16.09 -1.62
81 27 Pedestrian -1 -1 -1.93 1147.42 551.50 1209.94 672.72 1.65 0.54 0.59 5.87 0.29 16.15 -1.58
81 26 Pedestrian -1 -1 -2.01 1235.17 536.42 1301.16 655.05 1.70 0.61 0.58 7.52 0.06 16.99 -1.59
82 28 Pedestrian -1 -1 -1.94 1105.40 556.52 1172.48 682.71 1.69 0.60 0.59 5.23 0.39 15.91 -1.62
82 27 Pedestrian -1 -1 -1.93 1155.20 549.02 1217.87 671.59 1.65 0.54 0.59 5.91 0.26 15.95 -1.58
82 26 Pedestrian -1 -1 -2.01 1244.23 535.10 1311.21 655.15 1.70 0.61 0.58 7.57 0.05 16.79 -1.59
83 28 Pedestrian -1 -1 -1.95 1111.54 552.14 1179.09 679.69 1.69 0.60 0.59 5.25 0.33 15.73 -1.62
83 27 Pedestrian -1 -1 -1.94 1163.18 546.47 1226.02 670.43 1.65 0.54 0.59 5.94 0.23 15.74 -1.58
83 26 Pedestrian -1 -1 -2.02 1253.50 533.75 1321.51 655.26 1.70 0.61 0.58 7.62 0.05 16.59 -1.59
84 28 Pedestrian -1 -1 -1.95 1117.82 547.67 1185.85 676.59 1.69 0.60 0.59 5.28 0.28 15.54 -1.62
84 27 Pedestrian -1 -1 -1.95 1171.37 543.86 1234.38 669.23 1.65 0.54 0.59 5.98 0.20 15.54 -1.58
84 26 Pedestrian -1 -1 -2.03 1262.99 532.36 1332.07 655.37 1.70 0.61 0.58 7.67 0.04 16.39 -1.59
85 28 Pedestrian -1 -1 -1.96 1124.25 543.08 1192.78 673.42 1.69 0.60 0.59 5.31 0.22 15.36 -1.63
85 27 Pedestrian -1 -1 -1.95 1179.78 541.18 1242.96 668.00 1.65 0.54 0.59 6.02 0.18 15.33 -1.58
85 26 Pedestrian -1 -1 -2.04 1272.72 530.94 1342.90 655.48 1.70 0.61 0.58 7.72 0.03 16.19 -1.59
86 28 Pedestrian -1 -1 -1.97 1130.83 538.38 1199.88 670.17 1.69 0.60 0.59 5.34 0.17 15.17 -1.63
86 27 Pedestrian -1 -1 -1.96 1188.41 538.43 1251.78 666.73 1.65 0.54 0.59 6.05 0.15 15.13 -1.58
86 26 Pedestrian -1 -1 -2.04 1282.69 529.49 1354.01 655.59 1.70 0.61 0.58 7.78 0.02 15.98 -1.59
87 28 Pedestrian -1 -1 -1.97 1137.57 533.57 1207.16 666.84 1.69 0.60 0.59 5.36 0.11 14.99 -1.63
87 27 Pedestrian -1 -1 -1.96 1197.40 538.71 1260.98 668.51 1.65 0.54 0.59 6.09 0.16 14.93 -1.58
87 26 Pedestrian -1 -1 -2.05 1292.91 527.99 1365.40 655.71 1.70 0.61 0.58 7.83 0.01 15.78 -1.59
88 28 Pedestrian -1 -1 -1.98 1146.57 534.52 1216.94 669.68 1.69 0.60 0.59 5.41 0.13 14.76 -1.63
88 27 Pedestrian -1 -1 -1.97 1206.63 539.01 1270.42 670.34 1.65 0.54 0.59 6.13 0.17 14.72 -1.57
88 26 Pedestrian -1 -1 -2.06 1303.39 526.46 1377.09 655.83 1.70 0.61 0.58 7.88 -0.00 15.58 -1.59
89 28 Pedestrian -1 -1 -1.99 1155.85 535.50 1227.03 672.61 1.69 0.60 0.59 5.45 0.16 14.54 -1.63
89 27 Pedestrian -1 -1 -1.97 1216.12 539.32 1280.14 672.21 1.65 0.54 0.59 6.16 0.18 14.52 -1.57
89 26 Pedestrian -1 -1 -2.07 1313.10 526.78 1387.48 657.90 1.70 0.61 0.58 7.90 0.01 15.35 -1.59
90 28 Pedestrian -1 -1 -1.99 1165.42 536.51 1237.45 675.63 1.69 0.60 0.59 5.49 0.18 14.31 -1.63
90 27 Pedestrian -1 -1 -1.98 1225.87 539.64 1290.14 674.14 1.65 0.54 0.59 6.20 0.19 14.32 -1.57
90 26 Pedestrian -1 -1 -2.07 1323.11 527.11 1398.19 660.03 1.70 0.61 0.58 7.92 0.03 15.12 -1.59
91 28 Pedestrian -1 -1 -2.00 1175.28 537.56 1248.21 678.75 1.69 0.60 0.59 5.53 0.20 14.08 -1.63
91 27 Pedestrian -1 -1 -1.99 1235.90 539.97 1300.43 676.12 1.65 0.54 0.59 6.24 0.20 14.11 -1.57
91 26 Pedestrian -1 -1 -2.08 1333.43 527.45 1409.24 662.22 1.70 0.61 0.58 7.93 0.04 14.89 -1.59
92 28 Pedestrian -1 -1 -2.01 1185.47 538.64 1259.34 681.97 1.69 0.60 0.59 5.57 0.22 13.86 -1.62
92 27 Pedestrian -1 -1 -2.00 1245.97 540.98 1311.49 679.19 1.65 0.54 0.59 6.28 0.22 13.90 -1.57
92 26 Pedestrian -1 -1 -2.09 1344.07 527.80 1420.64 664.48 1.70 0.61 0.58 7.95 0.06 14.65 -1.59
93 28 Pedestrian -1 -1 -2.01 1195.98 539.76 1270.84 685.30 1.69 0.60 0.59 5.61 0.25 13.63 -1.62
93 27 Pedestrian -1 -1 -2.00 1256.34 542.01 1322.88 682.35 1.65 0.53 0.59 6.31 0.25 13.70 -1.57
93 26 Pedestrian -1 -1 -2.09 1355.04 528.17 1432.42 666.81 1.70 0.61 0.58 7.97 0.08 14.42 -1.59
94 28 Pedestrian -1 -1 -2.02 1206.84 540.92 1282.73 688.74 1.69 0.60 0.59 5.65 0.27 13.40 -1.62
94 27 Pedestrian -1 -1 -2.01 1267.03 543.08 1334.64 685.62 1.65 0.53 0.59 6.35 0.27 13.49 -1.57
95 28 Pedestrian -1 -1 -2.03 1218.07 542.13 1295.05 692.31 1.69 0.60 0.59 5.69 0.29 13.18 -1.62
95 27 Pedestrian -1 -1 -2.02 1278.04 544.18 1346.80 688.99 1.65 0.52 0.59 6.39 0.29 13.28 -1.57
96 28 Pedestrian -1 -1 -2.04 1229.68 543.38 1307.81 695.99 1.69 0.60 0.59 5.73 0.31 12.95 -1.62
96 27 Pedestrian -1 -1 -2.03 1289.39 545.32 1359.35 692.47 1.65 0.52 0.59 6.43 0.31 13.07 -1.57
97 28 Pedestrian -1 -1 -2.05 1241.69 544.67 1321.03 699.82 1.69 0.60 0.59 5.77 0.34 12.72 -1.62
97 27 Pedestrian -1 -1 -2.04 1301.10 546.49 1372.31 696.06 1.65 0.51 0.59 6.46 0.33 12.87 -1.57
98 28 Pedestrian -1 -1 -2.05 1250.92 545.43 1331.66 702.79 1.69 0.60 0.59 5.80 0.35 12.55 -1.62
98 27 Pedestrian -1 -1 -2.05 1313.19 547.71 1385.71 699.78 1.65 0.51 0.59 6.50 0.35 12.66 -1.57
99 28 Pedestrian -1 -1 -2.06 1260.40 546.21 1342.61 705.84 1.69 0.60 0.59 5.83 0.37 12.37 -1.62
99 27 Pedestrian -1 -1 -2.05 1325.67 548.96 1399.57 703.62 1.65 0.50 0.59 6.54 0.37 12.45 -1.57
100 28 Pedestrian -1 -1 -2.06 1270.15 547.01 1353.88 708.99 1.69 0.60 0.59 5.86 0.38 12.19 -1.61
100 27 Pedestrian -1 -1 -2.06 1338.54 550.26 1413.91 707.60 1.65 0.50 0.59 6.58 0.39 12.24 -1.57
101 28 Pedestrian -1 -1 -2.07 1280.19 547.84 1365.49 712.23 1.69 0.60 0.59 5.89 0.40 12.01 -1.61
101 27 Pedestrian -1 -1 -2.07 1351.84 551.61 1428.76 711.71 1.65 0.49 0.59 6.61 0.42 12.04 -1.57
102 28 Pedestrian -1 -1 -2.07 1290.51 548.69 1377.46 715.57 1.69 0.60 0.59 5.92 0.41 11.84 -1.61
103 28 Pedestrian -1 -1 -2.08 1301.14 549.57 1389.81 719.02 1.69 0.60 0.59 5.95 0.43 11.66 -1.61
104 28 Pedestrian -1 -1 -2.08 1312.10 550.48 1402.55 722.57 1.69 0.60 0.59 5.97 0.44 11.48 -1.60
105 28 Pedestrian -1 -1 -2.09 1323.38 551.41 1415.77 726.24 1.69 0.60 0.59 6.00 0.46 11.31 -1.60
106 28 Pedestrian -1 -1 -2.09 1335.02 552.38 1429.47 730.03 1.69 0.60 0.59 6.03 0.47 11.13 -1.60
291 29 Pedestrian -1 -1 2.29 597.76 587.53 680.59 720.19 1.74 0.79 0.78 -1.72 0.83 15.55 2.18
292 29 Pedestrian -1 -1 2.30 576.64 587.94 660.98 722.71 1.74 0.79 0.78 -1.97 0.84 15.31 2.17
292 30 Car -1 -1 1.83 1148.46 574.90 1294.40 638.72 1.51 2.27 5.07 12.11 0.38 29.95 2.22
293 29 Pedestrian -1 -1 2.30 554.84 588.36 640.77 725.32 1.74 0.79 0.78 -2.22 0.84 15.08 2.16
293 30 Car -1 -1 1.83 1130.89 575.02 1275.52 638.97 1.51 2.27 5.07 11.62 0.38 29.91 2.20
294 29 Pedestrian -1 -1 2.31 532.33 588.79 619.94 728.00 1.74 0.79 0.78 -2.47 0.85 14.84 2.14
294 30 Car -1 -1 1.83 1113.25 575.14 1256.63 639.22 1.51 2.27 5.07 11.13 0.38 29.87 2.18
295 29 Pedestrian -1 -1 2.31 509.08 589.23 598.45 730.78 1.74 0.79 0.78 -2.71 0.85 14.61 2.13
295 30 Car -1 -1 1.82 1095.52 575.25 1237.72 639.48 1.51 2.27 5.07 10.63 0.39 29.83 2.17
296 29 Pedestrian -1 -1 2.32 485.03 589.69 576.28 733.65 1.74 0.79 0.78 -2.96 0.86 14.37 2.11
296 30 Car -1 -1 1.82 1077.73 575.37 1218.80 639.73 1.51 2.27 5.07 10.14 0.39 29.79 2.15
297 29 Pedestrian -1 -1 2.32 460.16 590.17 553.40 736.61 1.74 0.79 0.78 -3.21 0.87 14.14 2.10
297 30 Car -1 -1 1.82 1059.85 575.49 1199.86 639.98 1.51 2.27 5.07 9.65 0.39 29.76 2.13
298 29 Pedestrian -1 -1 2.33 434.42 590.66 529.76 739.68 1.74 0.79 0.78 -3.46 0.87 13.90 2.09
298 30 Car -1 -1 1.81 1041.90 575.61 1180.91 640.24 1.51 2.27 5.07 9.15 0.40 29.72 2.11
299 29 Pedestrian -1 -1 2.34 407.76 591.16 505.34 742.85 1.74 0.79 0.78 -3.71 0.88 13.66 2.07
299 30 Car -1 -1 1.81 1023.88 575.73 1161.94 640.49 1.51 2.27 5.07 8.66 0.40 29.68 2.09
300 29 Pedestrian -1 -1 2.34 380.13 591.69 480.09 746.14 1.74 0.79 0.78 -3.96 0.89 13.43 2.06
300 30 Car -1 -1 1.81 1005.77 575.85 1142.95 640.75 1.51 2.27 5.07 8.17 0.40 29.64 2.08
301 29 Pedestrian -1 -1 2.35 351.47 592.23 453.96 749.55 1.74 0.79 0.78 -4.20 0.89 13.19 2.04
301 30 Car -1 -1 1.80 987.59 575.96 1123.95 641.00 1.51 2.27 5.07 7.67 0.41 29.60 2.06
302 29 Pedestrian -1 -1 2.35 330.39 592.70 435.16 752.71 1.74 0.79 0.78 -4.36 0.90 12.98 2.02
302 30 Car -1 -1 1.80 969.33 576.08 1104.93 641.26 1.51 2.27 5.07 7.18 0.41 29.57 2.04
303 29 Pedestrian -1 -1 2.35 308.56 593.18 415.74 755.98 1.74 0.79 0.78 -4.52 0.90 12.76 2.01
303 30 Car -1 -1 1.80 943.53 577.43 1079.28 643.32 1.51 2.27 5.07 6.47 0.45 29.38 2.02
304 29 Pedestrian -1 -1 2.34 285.96 593.68 395.68 759.37 1.74 0.79 0.78 -4.68 0.91 12.55 1.99
304 30 Car -1 -1 1.80 917.33 578.80 1053.38 645.41 1.51 2.27 5.07 5.77 0.49 29.20 2.00
305 29 Pedestrian -1 -1 2.34 262.53 594.19 374.94 762.87 1.74 0.79 0.78 -4.84 0.91 12.33 1.97
305 30 Car -1 -1 1.80 890.72 580.19 1027.21 647.52 1.51 2.27 5.07 5.06 0.53 29.02 1.97
306 30 Car -1 -1 1.80 863.70 581.59 1000.78 649.65 1.51 2.27 5.07 4.36 0.57 28.83 1.95
307 30 Car -1 -1 1.80 836.26 583.02 974.08 651.81 1.51 2.27 5.07 3.65 0.61 28.65 1.93
308 31 Car -1 -1 -1.78 1262.24 570.61 1436.82 675.68 1.76 2.05 4.45 10.87 0.51 21.49 -1.31
308 30 Car -1 -1 1.80 808.39 584.48 947.11 654.00 1.51 2.27 5.07 2.94 0.64 28.47 1.91
309 31 Car -1 -1 -1.78 1233.85 571.93 1407.75 677.26 1.76 2.05 4.45 10.32 0.53 21.47 -1.33
309 30 Car -1 -1 1.81 780.08 585.95 919.86 656.21 1.51 2.27 5.07 2.24 0.68 28.28 1.88
310 31 Car -1 -1 -1.78 1205.43 573.25 1378.61 678.84 1.76 2.05 4.45 9.77 0.56 21.46 -1.36
310 30 Car -1 -1 1.81 751.32 587.45 892.32 658.44 1.51 2.27 5.07 1.53 0.72 28.10 1.86
311 31 Car -1 -1 -1.78 1193.87 573.46 1367.29 679.48 1.76 2.05 4.45 9.52 0.56 21.38 -1.37
311 30 Car -1 -1 1.81 722.10 588.97 864.48 660.70 1.51 2.27 5.07 0.82 0.76 27.92 1.84
312 31 Car -1 -1 -1.79 1182.23 573.68 1355.88 680.13 1.76 2.05 4.45 9.27 0.57 21.31 -1.38
312 30 Car -1 -1 1.81 692.42 590.51 836.35 662.99 1.51 2.27 5.07 0.12 0.80 27.73 1.82
313 31 Car -1 -1 -1.79 1170.52 573.90 1344.37 680.77 1.76 2.05 4.45 9.02 0.58 21.23 -1.38
313 30 Car -1 -1 1.81 680.37 591.12 825.39 664.31 1.51 2.27 5.07 -0.16 0.82 27.50 1.81
314 31 Car -1 -1 -1.79 1158.73 574.12 1332.76 681.43 1.76 2.05 4.45 8.77 0.58 21.15 -1.39
314 30 Car -1 -1 1.81 668.10 591.74 814.26 665.66 1.51 2.27 5.07 -0.44 0.83 27.26 1.80
315 32 Car -1 -1 -1.84 1204.50 588.94 1436.97 726.29 1.56 1.78 3.85 7.23 0.77 15.21 -1.40
315 31 Car -1 -1 -1.79 1146.86 574.35 1321.07 682.08 1.76 2.05 4.45 8.52 0.59 21.08 -1.40
315 30 Car -1 -1 1.81 655.58 592.37 802.97 667.03 1.51 2.27 5.07 -0.71 0.85 27.03 1.78
316 32 Car -1 -1 -1.85 1198.43 589.13 1432.98 727.59 1.56 1.78 3.85 7.11 0.78 15.10 -1.41
316 31 Car -1 -1 -1.79 1134.92 574.57 1309.29 682.74 1.76 2.05 4.45 8.27 0.59 21.00 -1.41
316 30 Car -1 -1 1.81 642.82 593.01 791.49 668.44 1.51 2.27 5.07 -0.99 0.86 26.80 1.77
317 32 Car -1 -1 -1.85 1192.29 589.32 1428.92 728.90 1.56 1.78 3.85 6.99 0.78 15.00 -1.41
317 31 Car -1 -1 -1.79 1122.90 574.80 1297.41 683.40 1.76 2.05 4.45 8.02 0.60 20.92 -1.42
317 30 Car -1 -1 1.81 629.80 593.65 779.84 669.87 1.51 2.27 5.07 -1.26 0.88 26.56 1.76
318 32 Car -1 -1 -1.85 1186.07 589.51 1424.79 730.24 1.56 1.78 3.85 6.87 0.78 14.89 -1.42
318 31 Car -1 -1 -1.79 1110.80 575.02 1285.43 684.07 1.76 2.05 4.45 7.77 0.60 20.85 -1.43
318 30 Car -1 -1 1.81 616.52 594.31 768.00 671.33 1.51 2.27 5.07 -1.54 0.89 26.33 1.75
319 32 Car -1 -1 -1.86 1179.78 589.71 1420.59 731.59 1.56 1.78 3.85 6.75 0.79 14.79 -1.43
319 31 Car -1 -1 -1.79 1098.62 575.25 1273.34 684.74 1.76 2.05 4.45 7.52 0.61 20.77 -1.44
319 30 Car -1 -1 1.81 602.97 594.98 755.97 672.82 1.51 2.27 5.07 -1.82 0.91 26.09 1.74
320 32 Car -1 -1 -1.86 1173.41 589.90 1416.32 732.97 1.56 1.78 3.85 6.63 0.79 14.68 -1.43
320 31 Car -1 -1 -1.79 1086.36 575.48 1261.16 685.41 1.76 2.05 4.45 7.27 0.61 20.70 -1.45
320 30 Car -1 -1 1.81 589.14 595.66 743.75 674.34 1.51 2.27 5.07 -2.09 0.92 25.86 1.73
321 32 Car -1 -1 -1.86 1166.96 590.10 1411.97 734.36 1.56 1.78 3.85 6.51 0.79 14.58 -1.44
321 31 Car -1 -1 -1.79 1082.29 575.66 1258.88 686.54 1.76 2.05 4.45 7.15 0.62 20.54 -1.46
321 30 Car -1 -1 1.81 575.03 596.35 731.33 675.89 1.51 2.27 5.07 -2.37 0.93 25.63 1.72
322 32 Car -1 -1 -1.86 1160.43 590.31 1407.54 735.78 1.56 1.78 3.85 6.39 0.80 14.48 -1.45
322 31 Car -1 -1 -1.79 1078.16 575.85 1256.56 687.68 1.76 2.05 4.45 7.04 0.63 20.39 -1.46
322 30 Car -1 -1 1.81 560.62 597.05 718.71 677.47 1.51 2.27 5.07 -2.64 0.95 25.39 1.71
323 32 Car -1 -1 -1.87 1155.62 590.59 1407.76 738.69 1.56 1.78 3.85 6.26 0.80 14.26 -1.45
323 31 Car -1 -1 -1.80 1076.21 578.95 1259.94 691.99 1.76 2.05 4.45 6.90 0.68 19.97 -1.47
323 30 Car -1 -1 1.79 554.82 597.07 709.16 679.26 1.51 2.27 5.07 -2.79 0.96 25.20 1.68
323 33 Car -1 -1 1.73 629.56 583.23 748.93 658.37 1.80 2.44 4.95 -1.97 0.74 31.24 1.67
324 32 Car -1 -1 -1.87 1147.12 590.72 1398.44 738.67 1.56 1.78 3.85 6.15 0.80 14.27 -1.46
324 31 Car -1 -1 -1.80 1069.75 576.23 1251.78 690.01 1.76 2.05 4.45 6.81 0.64 20.08 -1.47
324 30 Car -1 -1 1.82 542.90 597.93 704.97 679.84 1.51 2.27 5.07 -2.94 0.97 25.01 1.70
325 32 Car -1 -1 -1.87 1140.34 590.93 1393.77 740.16 1.56 1.78 3.85 6.03 0.80 14.16 -1.47
325 31 Car -1 -1 -1.80 1065.45 576.42 1249.33 691.21 1.76 2.05 4.45 6.69 0.64 19.93 -1.48
325 30 Car -1 -1 1.82 533.82 598.39 697.95 681.06 1.51 2.27 5.07 -3.09 0.98 24.82 1.70
326 32 Car -1 -1 -1.88 1138.27 591.18 1397.41 742.89 1.56 1.78 3.85 5.95 0.81 13.97 -1.48
326 31 Car -1 -1 -1.80 1061.10 576.62 1246.83 692.43 1.76 2.05 4.45 6.58 0.65 19.77 -1.48
326 34 Car -1 -1 -1.81 1020.35 582.30 1137.75 654.74 1.59 1.74 4.11 7.41 0.63 27.20 -1.55
326 30 Car -1 -1 1.83 524.58 598.84 690.84 682.29 1.51 2.27 5.07 -3.24 0.99 24.64 1.69
327 32 Car -1 -1 -1.89 1136.15 591.44 1401.16 745.72 1.56 1.78 3.85 5.87 0.81 13.77 -1.48
327 31 Car -1 -1 -1.81 1056.68 576.82 1244.29 693.67 1.76 2.05 4.45 6.46 0.65 19.62 -1.49
327 34 Car -1 -1 -1.81 1017.46 583.24 1135.35 656.10 1.59 1.74 4.11 7.30 0.65 27.06 -1.55
327 30 Car -1 -1 1.83 515.17 599.31 683.63 683.55 1.51 2.27 5.07 -3.39 1.00 24.45 1.69
328 32 Car -1 -1 -1.89 1133.98 591.71 1405.02 748.63 1.56 1.78 3.85 5.79 0.82 13.57 -1.49
328 31 Car -1 -1 -1.81 1052.20 577.02 1241.70 694.97 1.76 2.05 4.45 6.35 0.66 19.46 -1.49
328 34 Car -1 -1 -1.81 1014.54 584.20 1132.93 657.48 1.59 1.74 4.11 7.20 0.67 26.91 -1.55
328 30 Car -1 -1 1.83 505.60 599.78 676.32 684.83 1.51 2.27 5.07 -3.54 1.01 24.26 1.69
329 32 Car -1 -1 -1.90 1131.76 591.98 1409.01 751.65 1.56 1.78 3.85 5.71 0.82 13.37 -1.50
329 31 Car -1 -1 -1.81 1047.66 577.23 1239.06 696.32 1.76 2.05 4.45 6.24 0.67 19.31 -1.50
329 34 Car -1 -1 -1.81 1011.59 585.16 1130.47 658.87 1.59 1.74 4.11 7.10 0.69 26.77 -1.55
329 30 Car -1 -1 1.84 495.86 600.26 668.91 686.13 1.51 2.27 5.07 -3.69 1.01 24.07 1.68
330 32 Car -1 -1 -1.91 1129.48 592.26 1413.13 754.76 1.56 1.78 3.85 5.62 0.82 13.17 -1.50
330 31 Car -1 -1 -1.81 1043.05 577.44 1236.37 697.69 1.76 2.05 4.45 6.12 0.67 19.15 -1.50
330 34 Car -1 -1 -1.81 1008.61 586.13 1127.99 660.29 1.59 1.74 4.11 6.99 0.71 26.62 -1.55
330 30 Car -1 -1 1.84 485.95 600.74 661.39 687.46 1.51 2.27 5.07 -3.84 1.02 23.88 1.68
331 32 Car -1 -1 -1.91 1127.15 592.54 1417.38 757.99 1.56 1.78 3.85 5.54 0.83 12.98 -1.51
331 31 Car -1 -1 -1.82 1041.12 578.28 1237.24 700.10 1.76 2.05 4.45 6.05 0.69 18.97 -1.51
331 34 Car -1 -1 -1.81 1005.60 587.12 1125.48 661.72 1.59 1.74 4.11 6.89 0.74 26.48 -1.56
331 30 Car -1 -1 1.84 475.86 601.23 653.77 688.81 1.51 2.27 5.07 -3.99 1.03 23.69 1.68
332 32 Car -1 -1 -1.92 1124.76 592.84 1421.77 761.33 1.56 1.78 3.85 5.46 0.83 12.78 -1.52
332 31 Car -1 -1 -1.82 1039.15 579.14 1238.12 702.57 1.76 2.05 4.45 5.98 0.71 18.78 -1.51
332 34 Car -1 -1 -1.81 1002.56 588.12 1122.93 663.16 1.59 1.74 4.11 6.79 0.76 26.33 -1.56
332 30 Car -1 -1 1.85 465.58 601.73 646.03 690.19 1.51 2.27 5.07 -4.14 1.04 23.50 1.67
333 32 Car -1 -1 -1.93 1122.30 593.14 1426.31 764.96 1.56 1.78 3.85 5.38 0.83 12.58 -1.52
333 31 Car -1 -1 -1.82 1037.14 580.02 1239.02 705.10 1.76 2.05 4.45 5.90 0.73 18.60 -1.52
333 34 Car -1 -1 -1.81 999.49 589.13 1120.36 664.63 1.59 1.74 4.11 6.68 0.78 26.19 -1.56
333 30 Car -1 -1 1.85 460.20 602.83 642.35 692.34 1.51 2.27 5.07 -4.20 1.07 23.31 1.67
334 32 Car -1 -1 -1.93 1119.78 593.45 1431.01 768.74 1.56 1.78 3.85 5.29 0.84 12.38 -1.53
334 31 Car -1 -1 -1.83 1035.10 580.91 1239.94 707.69 1.76 2.05 4.45 5.83 0.74 18.41 -1.52
334 34 Car -1 -1 -1.81 996.38 590.15 1117.76 666.11 1.59 1.74 4.11 6.58 0.80 26.04 -1.56
334 30 Car -1 -1 1.85 454.73 603.96 638.61 694.53 1.51 2.27 5.07 -4.25 1.09 23.12 1.67
335 32 Car -1 -1 -1.96 1114.97 594.21 1439.21 772.99 1.56 1.78 3.85 5.22 0.84 12.20 -1.56
335 31 Car -1 -1 -1.83 1033.03 581.82 1240.88 710.33 1.76 2.05 4.45 5.76 0.76 18.23 -1.53
335 34 Car -1 -1 -1.81 993.25 591.18 1115.12 667.61 1.59 1.74 4.11 6.48 0.82 25.90 -1.56
335 30 Car -1 -1 1.85 449.15 605.10 634.81 696.77 1.51 2.27 5.07 -4.31 1.11 22.92 1.66
336 31 Car -1 -1 -1.84 1030.91 582.74 1241.83 713.04 1.76 2.05 4.45 5.69 0.78 18.04 -1.53
336 34 Car -1 -1 -1.81 990.08 592.23 1112.45 669.13 1.59 1.74 4.11 6.37 0.84 25.75 -1.57
336 30 Car -1 -1 1.85 443.46 606.25 630.95 699.05 1.51 2.27 5.07 -4.37 1.13 22.73 1.66
337 31 Car -1 -1 -1.84 1028.76 583.68 1242.81 715.82 1.76 2.05 4.45 5.61 0.80 17.86 -1.54
337 34 Car -1 -1 -1.81 989.08 593.44 1112.77 671.07 1.59 1.74 4.11 6.31 0.87 25.53 -1.57
337 30 Car -1 -1 1.85 437.66 607.42 627.04 701.37 1.51 2.27 5.07 -4.42 1.16 22.54 1.66
338 31 Car -1 -1 -1.84 1026.57 584.64 1243.80 718.66 1.76 2.05 4.45 5.54 0.81 17.67 -1.54
338 34 Car -1 -1 -1.81 988.07 594.67 1113.08 673.06 1.59 1.74 4.11 6.24 0.89 25.30 -1.57
338 30 Car -1 -1 1.85 431.76 608.61 623.07 703.74 1.51 2.27 5.07 -4.48 1.18 22.35 1.65
339 31 Car -1 -1 -1.85 1024.34 585.61 1244.82 721.57 1.76 2.05 4.45 5.47 0.83 17.49 -1.54
339 34 Car -1 -1 -1.81 987.04 595.92 1113.41 675.08 1.59 1.74 4.11 6.18 0.92 25.08 -1.57
339 30 Car -1 -1 1.85 425.73 609.82 619.03 706.15 1.51 2.27 5.07 -4.53 1.20 22.16 1.65
340 31 Car -1 -1 -1.85 1022.07 586.60 1245.86 724.56 1.76 2.05 4.45 5.40 0.85 17.30 -1.55
340 34 Car -1 -1 -1.81 986.00 597.20 1113.74 677.15 1.59 1.74 4.11 6.11 0.94 24.85 -1.57
340 30 Car -1 -1 1.85 419.58 611.05 614.94 708.62 1.51 2.27 5.07 -4.59 1.23 21.96 1.65
341 31 Car -1 -1 -1.85 1022.39 586.65 1249.86 726.38 1.76 2.05 4.45 5.36 0.85 17.11 -1.55
341 34 Car -1 -1 -1.81 984.94 598.51 1114.07 679.25 1.59 1.74 4.11 6.05 0.97 24.63 -1.57
341 30 Car -1 -1 1.85 413.32 612.30 610.77 711.13 1.51 2.27 5.07 -4.64 1.25 21.77 1.64
342 31 Car -1 -1 -1.86 1022.71 586.70 1253.97 728.25 1.76 2.05 4.45 5.33 0.85 16.93 -1.55
342 34 Car -1 -1 -1.82 983.86 599.84 1114.42 681.40 1.59 1.74 4.11 5.98 0.99 24.41 -1.58
342 30 Car -1 -1 1.85 406.92 613.56 606.55 713.70 1.51 2.27 5.07 -4.70 1.27 21.58 1.64
343 31 Car -1 -1 -1.86 1023.04 586.76 1258.17 730.17 1.76 2.05 4.45 5.30 0.86 16.74 -1.56
343 34 Car -1 -1 -1.82 982.76 601.14 1114.77 683.59 1.59 1.74 4.11 5.92 1.02 24.18 -1.58
343 30 Car -1 -1 1.85 399.72 614.10 602.06 715.60 1.51 2.27 5.07 -4.75 1.28 21.35 1.64
344 31 Car -1 -1 -1.85 1027.28 596.63 1262.72 736.70 1.76 2.05 4.45 5.31 0.98 16.59 -1.54
344 34 Car -1 -1 -1.82 984.91 607.99 1114.81 689.36 1.54 1.74 3.80 5.89 1.15 23.95 -1.58
344 30 Car -1 -1 1.86 392.91 625.40 595.79 730.94 1.51 2.25 4.99 -4.81 1.50 21.07 1.63
345 31 Car -1 -1 -1.87 1023.72 586.86 1266.92 734.17 1.76 2.05 4.45 5.24 0.86 16.36 -1.56
345 34 Car -1 -1 -1.82 980.51 603.50 1115.49 688.11 1.59 1.74 4.11 5.79 1.07 23.73 -1.58
345 30 Car -1 -1 1.86 384.76 615.22 592.82 719.54 1.51 2.27 5.07 -4.86 1.29 20.88 1.63
346 31 Car -1 -1 -1.88 1024.08 586.92 1271.46 736.25 1.76 2.05 4.45 5.21 0.86 16.17 -1.56
346 34 Car -1 -1 -1.82 979.35 604.71 1115.86 690.44 1.59 1.74 4.11 5.72 1.09 23.51 -1.58
346 30 Car -1 -1 1.86 376.98 615.79 588.07 721.59 1.51 2.27 5.07 -4.91 1.30 20.65 1.62
347 31 Car -1 -1 -1.88 1024.44 586.98 1276.12 738.38 1.76 2.05 4.45 5.17 0.86 15.99 -1.57
347 34 Car -1 -1 -1.82 978.98 604.22 1116.93 690.60 1.59 1.74 4.11 5.68 1.08 23.33 -1.58
347 30 Car -1 -1 1.86 369.01 616.38 583.22 723.69 1.51 2.27 5.07 -4.96 1.30 20.42 1.62
348 31 Car -1 -1 -1.88 1024.81 587.03 1280.91 740.58 1.76 2.05 4.45 5.14 0.86 15.80 -1.57
348 34 Car -1 -1 -1.83 978.61 603.73 1118.03 690.76 1.59 1.74 4.11 5.64 1.07 23.14 -1.59
348 30 Car -1 -1 1.86 360.82 616.97 578.26 725.85 1.51 2.27 5.07 -5.02 1.31 20.18 1.62
349 31 Car -1 -1 -1.89 1025.18 587.09 1285.83 742.84 1.76 2.05 4.45 5.11 0.86 15.61 -1.57
349 34 Car -1 -1 -1.83 978.23 603.22 1119.14 690.92 1.59 1.74 4.11 5.60 1.05 22.96 -1.59
349 30 Car -1 -1 1.86 352.42 617.58 573.21 728.07 1.51 2.27 5.07 -5.07 1.32 19.95 1.61
350 31 Car -1 -1 -1.89 1025.57 587.15 1290.89 745.16 1.76 2.05 4.45 5.08 0.87 15.42 -1.57
350 34 Car -1 -1 -1.83 977.85 602.71 1120.27 691.09 1.59 1.74 4.11 5.56 1.04 22.78 -1.59
350 30 Car -1 -1 1.87 343.78 618.20 568.05 730.34 1.51 2.27 5.07 -5.13 1.32 19.72 1.61
351 31 Car -1 -1 -1.89 1026.48 587.23 1296.21 747.70 1.76 2.05 4.45 5.05 0.87 15.22 -1.57
351 34 Car -1 -1 -1.83 977.46 602.20 1121.42 691.26 1.59 1.74 4.11 5.52 1.03 22.59 -1.59
351 30 Car -1 -1 1.87 334.90 618.84 562.78 732.69 1.51 2.27 5.07 -5.18 1.33 19.49 1.61
352 31 Car -1 -1 -1.90 1027.42 587.30 1301.70 750.32 1.76 2.05 4.45 5.01 0.87 15.02 -1.57
352 34 Car -1 -1 -1.83 977.07 601.67 1122.59 691.43 1.59 1.74 4.11 5.48 1.01 22.41 -1.59
352 30 Car -1 -1 1.87 325.78 619.49 557.41 735.09 1.51 2.27 5.07 -5.23 1.33 19.25 1.60
353 31 Car -1 -1 -1.90 1028.38 587.38 1307.36 753.02 1.76 2.05 4.45 4.98 0.87 14.82 -1.57
353 34 Car -1 -1 -1.84 976.67 601.14 1123.78 691.60 1.59 1.74 4.11 5.44 1.00 22.23 -1.60
353 30 Car -1 -1 1.87 319.81 620.24 554.12 737.42 1.51 2.27 5.07 -5.25 1.34 19.06 1.60
354 31 Car -1 -1 -1.90 1029.35 587.46 1313.21 755.81 1.76 2.05 4.45 4.95 0.87 14.62 -1.57
354 34 Car -1 -1 -1.84 976.26 600.50 1125.00 691.78 1.59 1.74 4.11 5.40 0.99 22.05 -1.60
354 30 Car -1 -1 1.87 313.69 621.01 550.77 739.80 1.51 2.27 5.07 -5.27 1.35 18.86 1.60
355 31 Car -1 -1 -1.90 1030.36 587.54 1319.25 758.70 1.76 2.05 4.45 4.92 0.88 14.42 -1.57
355 34 Car -1 -1 -1.84 975.85 599.83 1126.23 691.96 1.59 1.74 4.11 5.37 0.97 21.86 -1.60
355 30 Car -1 -1 1.87 307.43 621.79 547.36 742.24 1.51 2.27 5.07 -5.29 1.36 18.67 1.59
356 31 Car -1 -1 -1.91 1031.39 587.62 1325.49 761.67 1.76 2.05 4.45 4.89 0.88 14.22 -1.57
356 34 Car -1 -1 -1.84 975.43 599.15 1127.49 692.14 1.59 1.74 4.11 5.33 0.96 21.68 -1.60
356 30 Car -1 -1 1.87 301.02 622.58 543.89 744.74 1.51 2.27 5.07 -5.31 1.37 18.47 1.59
357 31 Car -1 -1 -1.91 1032.44 587.70 1331.95 764.76 1.76 2.05 4.45 4.85 0.88 14.02 -1.57
357 34 Car -1 -1 -1.84 975.84 601.01 1129.98 695.02 1.59 1.74 4.11 5.30 0.99 21.47 -1.60
357 30 Car -1 -1 1.87 294.44 623.39 540.35 747.30 1.51 2.27 5.07 -5.33 1.38 18.28 1.59
358 31 Car -1 -1 -1.91 1033.52 587.79 1338.64 767.94 1.76 2.05 4.45 4.82 0.88 13.81 -1.57
358 34 Car -1 -1 -1.85 976.26 602.61 1132.53 697.96 1.59 1.74 4.11 5.27 1.02 21.26 -1.60
358 30 Car -1 -1 1.87 287.70 624.22 536.75 749.93 1.51 2.27 5.07 -5.35 1.39 18.08 1.58
359 31 Car -1 -1 -1.91 1034.63 587.88 1345.57 771.24 1.76 2.05 4.45 4.79 0.88 13.61 -1.57
359 34 Car -1 -1 -1.85 976.69 604.21 1135.13 700.96 1.59 1.74 4.11 5.25 1.05 21.06 -1.61
359 30 Car -1 -1 1.87 280.78 625.06 533.07 752.62 1.51 2.27 5.07 -5.36 1.40 17.89 1.58
360 31 Car -1 -1 -1.92 1035.76 587.97 1352.75 774.66 1.76 2.05 4.45 4.76 0.88 13.41 -1.57
360 34 Car -1 -1 -1.85 977.13 605.84 1137.79 704.03 1.59 1.74 4.11 5.22 1.08 20.85 -1.61
360 30 Car -1 -1 1.87 273.69 625.92 529.33 755.39 1.51 2.27 5.07 -5.38 1.41 17.70 1.58
361 31 Car -1 -1 -1.92 1038.21 588.06 1362.13 778.27 1.76 2.05 4.45 4.74 0.89 13.21 -1.57
361 34 Car -1 -1 -1.86 977.57 607.50 1140.50 707.17 1.59 1.74 4.11 5.19 1.11 20.64 -1.61
361 30 Car -1 -1 1.87 266.41 626.79 525.52 758.23 1.51 2.27 5.07 -5.40 1.42 17.50 1.57
362 31 Car -1 -1 -1.92 1040.73 588.15 1371.87 782.02 1.76 2.05 4.45 4.73 0.89 13.00 -1.57
362 34 Car -1 -1 -1.86 978.03 609.20 1143.28 710.38 1.59 1.74 4.11 5.17 1.14 20.43 -1.61
362 30 Car -1 -1 1.87 258.94 627.68 521.63 761.14 1.51 2.27 5.07 -5.42 1.43 17.31 1.57
363 31 Car -1 -1 -1.93 1043.32 588.24 1381.98 785.92 1.76 2.05 4.45 4.71 0.89 12.80 -1.57
363 34 Car -1 -1 -1.86 978.49 610.92 1146.12 713.67 1.59 1.74 4.11 5.14 1.17 20.22 -1.61
363 30 Car -1 -1 1.88 249.16 628.05 517.52 763.80 1.51 2.27 5.07 -5.44 1.42 17.07 1.57
364 31 Car -1 -1 -1.93 1045.98 588.33 1392.50 789.96 1.76 2.05 4.45 4.70 0.89 12.59 -1.57
364 34 Car -1 -1 -1.86 978.96 612.67 1149.02 717.03 1.59 1.74 4.11 5.11 1.20 20.02 -1.61
364 30 Car -1 -1 1.88 239.06 628.43 513.32 766.55 1.51 2.27 5.07 -5.46 1.42 16.84 1.57
365 31 Car -1 -1 -1.94 1048.71 588.43 1403.45 794.18 1.76 2.05 4.45 4.68 0.89 12.38 -1.57
365 34 Car -1 -1 -1.87 979.44 614.46 1151.99 720.47 1.59 1.74 4.11 5.09 1.23 19.81 -1.62
365 30 Car -1 -1 1.89 228.63 628.82 509.02 769.38 1.51 2.27 5.07 -5.48 1.42 16.60 1.57
366 31 Car -1 -1 -1.94 1051.52 588.53 1414.84 798.56 1.76 2.05 4.45 4.66 0.89 12.18 -1.57
366 34 Car -1 -1 -1.87 979.93 616.28 1155.03 724.00 1.59 1.74 4.11 5.06 1.27 19.60 -1.62
366 30 Car -1 -1 1.89 217.84 629.21 504.61 772.32 1.51 2.27 5.07 -5.50 1.42 16.37 1.57
367 31 Car -1 -1 -1.94 1054.41 588.64 1426.72 803.13 1.76 2.05 4.45 4.65 0.90 11.97 -1.57
367 34 Car -1 -1 -1.87 980.72 614.53 1158.40 723.07 1.59 1.74 4.11 5.04 1.23 19.40 -1.62
367 30 Car -1 -1 1.90 206.68 629.62 500.08 775.35 1.51 2.27 5.07 -5.52 1.42 16.13 1.57
368 31 Car -1 -1 -1.95 1057.39 588.74 1439.10 807.90 1.76 2.05 4.45 4.63 0.90 11.77 -1.57
368 34 Car -1 -1 -1.88 981.51 612.76 1161.85 722.12 1.59 1.74 4.11 5.02 1.19 19.20 -1.62
368 30 Car -1 -1 1.90 195.12 630.04 495.44 778.49 1.51 2.27 5.07 -5.54 1.42 15.90 1.57
369 34 Car -1 -1 -1.88 982.33 610.94 1165.37 721.15 1.59 1.74 4.11 5.00 1.15 19.00 -1.62
369 30 Car -1 -1 1.91 183.15 630.46 490.69 781.75 1.51 2.27 5.07 -5.56 1.42 15.66 1.57
370 34 Car -1 -1 -1.88 983.16 609.10 1168.98 720.15 1.59 1.74 4.11 4.98 1.12 18.81 -1.62
370 30 Car -1 -1 1.92 170.75 630.90 485.80 785.12 1.51 2.27 5.07 -5.58 1.42 15.43 1.57
371 34 Car -1 -1 -1.89 984.00 607.22 1172.67 719.13 1.59 1.74 4.11 4.96 1.08 18.61 -1.63
371 30 Car -1 -1 1.92 157.88 631.35 480.79 788.62 1.51 2.27 5.07 -5.60 1.41 15.19 1.57
372 34 Car -1 -1 -1.87 987.83 605.38 1175.66 720.60 1.59 1.74 4.11 4.96 1.06 18.41 -1.61
372 30 Car -1 -1 1.93 145.06 633.41 469.88 794.06 1.51 2.19 5.04 -5.66 1.44 14.94 1.57
372 35 Car -1 -1 1.84 351.58 610.97 561.70 734.76 1.88 2.29 5.57 -5.55 1.39 21.36 1.59
373 34 Car -1 -1 -1.89 985.74 603.34 1180.32 717.02 1.59 1.74 4.11 4.92 1.00 18.21 -1.63
373 30 Car -1 -1 1.94 130.66 632.29 470.36 796.02 1.51 2.27 5.07 -5.65 1.41 14.72 1.57
374 34 Car -1 -1 -1.90 986.64 601.32 1184.29 715.92 1.59 1.74 4.11 4.90 0.97 18.01 -1.63
374 30 Car -1 -1 1.94 116.25 632.78 464.92 799.94 1.51 2.27 5.07 -5.67 1.41 14.49 1.57
375 34 Car -1 -1 -1.90 987.56 598.75 1188.35 714.80 1.59 1.74 4.11 4.88 0.93 17.81 -1.63
375 30 Car -1 -1 1.95 101.25 633.29 459.34 804.02 1.51 2.27 5.07 -5.69 1.41 14.25 1.57
376 34 Car -1 -1 -1.90 988.49 596.12 1192.52 713.64 1.59 1.74 4.11 4.86 0.89 17.61 -1.64
376 30 Car -1 -1 1.96 85.65 633.80 453.59 808.27 1.51 2.27 5.07 -5.71 1.41 14.02 1.57
377 34 Car -1 -1 -1.91 989.91 596.81 1197.05 715.93 1.59 1.74 4.11 4.85 0.90 17.41 -1.64
377 30 Car -1 -1 1.96 69.39 634.33 447.68 812.69 1.51 2.27 5.07 -5.73 1.41 13.78 1.57
378 34 Car -1 -1 -1.91 991.35 597.51 1201.70 718.28 1.59 1.74 4.11 4.83 0.91 17.20 -1.64
378 30 Car -1 -1 1.97 52.44 634.88 441.60 817.30 1.51 2.27 5.07 -5.75 1.41 13.55 1.57
379 34 Car -1 -1 -1.91 992.82 598.24 1206.48 720.69 1.59 1.74 4.11 4.81 0.92 16.99 -1.64
379 30 Car -1 -1 1.98 34.75 635.44 435.34 822.11 1.51 2.27 5.07 -5.77 1.41 13.31 1.57
380 34 Car -1 -1 -1.91 994.33 598.98 1211.39 723.17 1.59 1.74 4.11 4.80 0.92 16.78 -1.64
380 30 Car -1 -1 1.99 16.27 636.02 428.89 827.14 1.51 2.27 5.07 -5.79 1.40 13.08 1.57
381 34 Car -1 -1 -1.92 995.87 599.75 1216.44 725.73 1.59 1.74 4.11 4.78 0.93 16.58 -1.64
382 34 Car -1 -1 -1.92 997.45 600.54 1221.64 728.36 1.59 1.74 4.11 4.76 0.94 16.37 -1.64
382 30 Car -1 -1 1.97 9.91 631.62 421.34 824.84 1.51 2.27 5.07 -5.82 1.35 12.98 1.55
382 36 Car -1 -1 1.86 309.84 609.38 515.20 738.82 1.76 2.03 4.32 -5.70 1.26 18.98 1.57
383 34 Car -1 -1 -1.92 999.06 601.35 1226.99 731.06 1.59 1.74 4.11 4.75 0.95 16.16 -1.64
384 34 Car -1 -1 -1.92 1000.71 602.04 1232.50 733.85 1.59 1.74 4.11 4.73 0.96 15.95 -1.64
385 34 Car -1 -1 -1.93 1002.39 602.70 1238.17 736.72 1.59 1.74 4.11 4.71 0.97 15.75 -1.64
386 34 Car -1 -1 -1.93 1004.12 603.38 1244.02 739.68 1.59 1.74 4.11 4.70 0.97 15.54 -1.64
387 34 Car -1 -1 -1.93 1007.51 603.41 1252.75 742.20 1.59 1.74 4.11 4.70 0.97 15.30 -1.64
388 34 Car -1 -1 -1.94 1010.99 603.45 1261.79 744.81 1.59 1.74 4.11 4.70 0.97 15.06 -1.64
389 34 Car -1 -1 -1.94 1014.58 603.48 1271.17 747.52 1.59 1.74 4.11 4.70 0.97 14.82 -1.64
390 34 Car -1 -1 -1.95 1018.26 603.52 1280.91 750.33 1.59 1.74 4.11 4.70 0.97 14.58 -1.64
391 34 Car -1 -1 -1.95 1022.06 603.56 1291.02 753.25 1.59 1.74 4.11 4.70 0.96 14.34 -1.64
392 34 Car -1 -1 -1.96 1025.96 603.60 1301.54 756.29 1.59 1.74 4.11 4.71 0.96 14.11 -1.64
393 34 Car -1 -1 -1.96 1029.99 603.64 1312.47 759.45 1.59 1.74 4.11 4.71 0.96 13.87 -1.64
394 34 Car -1 -1 -1.97 1034.14 603.68 1323.86 762.75 1.59 1.74 4.11 4.71 0.96 13.63 -1.64
394 37 Car -1 -1 1.93 194.57 607.87 487.85 778.32 1.77 2.13 5.11 -5.77 1.28 16.32 1.59
395 34 Car -1 -1 -1.97 1038.41 603.73 1335.73 766.18 1.59 1.74 4.11 4.71 0.96 13.39 -1.64
395 37 Car -1 -1 1.93 183.94 611.31 483.78 779.07 1.77 2.13 5.11 -5.77 1.29 16.07 1.59
396 34 Car -1 -1 -1.98 1042.83 603.77 1348.10 769.76 1.59 1.74 4.11 4.71 0.95 13.15 -1.64
396 37 Car -1 -1 1.94 172.04 609.39 479.73 786.97 1.77 2.13 5.11 -5.77 1.29 15.81 1.59
397 34 Car -1 -1 -1.99 1047.39 605.00 1361.04 775.14 1.59 1.74 4.11 4.71 0.97 12.91 -1.64
397 37 Car -1 -1 1.94 160.12 610.18 475.50 791.54 1.77 2.13 5.11 -5.78 1.30 15.56 1.59
398 34 Car -1 -1 -1.99 1052.11 606.26 1374.57 780.77 1.59 1.74 4.11 4.71 0.98 12.67 -1.64
398 37 Car -1 -1 1.95 147.71 611.00 471.15 796.30 1.77 2.13 5.11 -5.78 1.31 15.30 1.59
399 34 Car -1 -1 -2.00 1056.98 607.56 1388.71 786.65 1.59 1.74 4.11 4.72 0.99 12.43 -1.64
399 37 Car -1 -1 1.95 134.80 611.84 466.67 801.25 1.77 2.13 5.11 -5.78 1.32 15.05 1.59
400 34 Car -1 -1 -2.00 1062.02 608.91 1403.51 792.81 1.59 1.74 4.11 4.72 1.01 12.19 -1.64
400 37 Car -1 -1 1.96 121.35 612.70 462.06 806.41 1.77 2.13 5.11 -5.79 1.33 14.79 1.59
401 34 Car -1 -1 -2.01 1067.23 610.30 1419.03 799.28 1.59 1.74 4.11 4.72 1.02 11.95 -1.64
401 37 Car -1 -1 1.97 107.33 613.59 457.32 811.79 1.77 2.13 5.11 -5.79 1.34 14.54 1.59
402 34 Car -1 -1 -2.02 1072.62 611.74 1435.31 806.06 1.59 1.74 4.11 4.72 1.03 11.71 -1.64
402 37 Car -1 -1 1.97 92.69 614.51 452.42 817.40 1.77 2.13 5.11 -5.79 1.35 14.28 1.59
403 37 Car -1 -1 1.98 77.41 615.45 447.38 823.26 1.77 2.13 5.11 -5.80 1.35 14.03 1.59
404 37 Car -1 -1 1.98 61.43 616.43 442.18 829.39 1.77 2.13 5.11 -5.80 1.36 13.77 1.59
405 37 Car -1 -1 1.99 46.09 616.12 437.22 833.43 1.77 2.13 5.11 -5.80 1.35 13.54 1.59
406 37 Car -1 -1 2.00 30.09 615.79 432.10 837.65 1.77 2.13 5.11 -5.81 1.34 13.31 1.59
407 37 Car -1 -1 2.00 13.37 615.46 426.84 842.05 1.77 2.13 5.11 -5.81 1.33 13.07 1.59
488 38 Car -1 -1 -1.68 823.22 600.92 878.03 639.30 1.55 1.87 4.27 3.67 1.25 49.47 -1.61
489 38 Car -1 -1 -1.68 822.80 601.10 877.86 639.69 1.55 1.87 4.27 3.63 1.25 49.21 -1.61
490 38 Car -1 -1 -1.68 822.37 601.27 877.69 640.08 1.55 1.87 4.27 3.60 1.25 48.96 -1.61
491 38 Car -1 -1 -1.68 821.94 601.45 877.53 640.47 1.55 1.87 4.27 3.57 1.25 48.70 -1.61
492 38 Car -1 -1 -1.68 821.50 601.63 877.35 640.87 1.55 1.87 4.27 3.54 1.25 48.44 -1.61
493 38 Car -1 -1 -1.68 821.06 601.77 877.18 641.27 1.55 1.87 4.27 3.51 1.26 48.18 -1.61
494 38 Car -1 -1 -1.68 820.61 601.77 877.01 641.68 1.55 1.87 4.27 3.47 1.26 47.93 -1.61
495 38 Car -1 -1 -1.68 820.16 601.77 876.83 642.09 1.55 1.87 4.27 3.44 1.26 47.67 -1.61
496 38 Car -1 -1 -1.68 819.70 601.77 876.65 642.51 1.55 1.87 4.27 3.41 1.26 47.41 -1.61
497 38 Car -1 -1 -1.68 819.24 601.77 876.47 642.93 1.55 1.87 4.27 3.38 1.26 47.15 -1.61
498 38 Car -1 -1 -1.68 818.77 601.77 876.29 643.35 1.55 1.87 4.27 3.34 1.26 46.89 -1.61
499 38 Car -1 -1 -1.68 818.30 601.77 876.10 643.78 1.55 1.87 4.27 3.31 1.26 46.64 -1.61
500 38 Car -1 -1 -1.68 817.82 601.77 875.91 644.22 1.55 1.87 4.27 3.28 1.26 46.38 -1.61
501 38 Car -1 -1 -1.68 817.34 601.77 875.72 644.66 1.55 1.87 4.27 3.25 1.27 46.12 -1.61
502 38 Car -1 -1 -1.68 816.86 601.78 875.53 645.10 1.55 1.87 4.27 3.21 1.27 45.86 -1.61
503 38 Car -1 -1 -1.68 816.37 601.78 875.34 645.55 1.55 1.87 4.27 3.18 1.27 45.61 -1.61
504 38 Car -1 -1 -1.68 815.87 601.78 875.14 646.01 1.55 1.87 4.27 3.15 1.27 45.35 -1.61
505 38 Car -1 -1 -1.68 815.37 601.78 874.94 646.47 1.55 1.87 4.27 3.12 1.27 45.09 -1.61
506 38 Car -1 -1 -1.68 814.86 601.78 874.74 646.94 1.55 1.87 4.27 3.08 1.27 44.83 -1.61
507 38 Car -1 -1 -1.68 814.34 601.78 874.54 647.41 1.55 1.87 4.27 3.05 1.27 44.58 -1.61
508 38 Car -1 -1 -1.68 813.83 601.78 874.33 647.89 1.55 1.87 4.27 3.02 1.27 44.32 -1.61
509 38 Car -1 -1 -1.68 813.30 601.48 874.13 647.84 1.55 1.87 4.27 2.99 1.26 44.06 -1.61
510 38 Car -1 -1 -1.68 812.76 601.18 873.93 647.80 1.55 1.87 4.27 2.95 1.25 43.79 -1.61
511 38 Car -1 -1 -1.68 812.22 600.87 873.72 647.76 1.55 1.87 4.27 2.92 1.23 43.53 -1.61
512 38 Car -1 -1 -1.68 811.68 600.56 873.51 647.71 1.55 1.87 4.27 2.89 1.22 43.27 -1.61
513 38 Car -1 -1 -1.68 811.13 600.25 873.30 647.67 1.55 1.87 4.27 2.86 1.20 43.01 -1.61
514 38 Car -1 -1 -1.68 810.57 599.93 873.08 647.62 1.55 1.87 4.27 2.82 1.19 42.75 -1.61
515 38 Car -1 -1 -1.68 810.00 599.61 872.86 647.58 1.55 1.87 4.27 2.79 1.17 42.48 -1.61
516 38 Car -1 -1 -1.67 809.43 599.29 872.64 647.53 1.55 1.87 4.27 2.76 1.16 42.22 -1.61
517 38 Car -1 -1 -1.67 808.85 598.96 872.42 647.48 1.55 1.87 4.27 2.73 1.14 41.96 -1.61
518 38 Car -1 -1 -1.67 808.27 598.62 872.19 647.44 1.55 1.87 4.27 2.69 1.13 41.70 -1.61
519 38 Car -1 -1 -1.67 807.67 598.29 871.96 647.39 1.55 1.87 4.27 2.66 1.11 41.43 -1.61
520 38 Car -1 -1 -1.67 808.49 597.58 873.57 647.14 1.55 1.87 4.27 2.68 1.08 41.01 -1.61
521 38 Car -1 -1 -1.68 809.33 596.87 875.20 646.89 1.55 1.87 4.27 2.69 1.05 40.59 -1.61
522 38 Car -1 -1 -1.68 810.18 596.14 876.88 646.63 1.55 1.87 4.27 2.71 1.03 40.17 -1.61
523 38 Car -1 -1 -1.68 811.05 595.39 878.59 646.36 1.55 1.87 4.27 2.72 1.00 39.75 -1.61
524 38 Car -1 -1 -1.68 811.94 594.63 880.34 646.09 1.55 1.87 4.27 2.74 0.97 39.33 -1.61
525 38 Car -1 -1 -1.68 812.84 593.85 882.13 645.81 1.55 1.87 4.27 2.75 0.94 38.91 -1.61
526 38 Car -1 -1 -1.68 813.76 593.06 883.96 645.53 1.55 1.87 4.27 2.77 0.91 38.49 -1.61
527 38 Car -1 -1 -1.68 814.71 592.25 885.83 645.23 1.55 1.87 4.27 2.78 0.88 38.07 -1.61
528 38 Car -1 -1 -1.68 815.67 591.42 887.75 644.94 1.55 1.87 4.27 2.80 0.85 37.64 -1.61
529 38 Car -1 -1 -1.69 816.65 590.58 889.71 644.63 1.55 1.87 4.27 2.81 0.82 37.22 -1.61
530 38 Car -1 -1 -1.69 817.24 590.50 890.87 644.92 1.55 1.87 4.27 2.82 0.82 36.98 -1.61
531 38 Car -1 -1 -1.69 817.83 590.43 892.05 645.22 1.55 1.87 4.27 2.83 0.81 36.74 -1.61
532 38 Car -1 -1 -1.69 818.43 590.35 893.24 645.51 1.55 1.87 4.27 2.84 0.81 36.50 -1.61
533 38 Car -1 -1 -1.69 819.04 590.27 894.45 645.82 1.55 1.87 4.27 2.85 0.81 36.26 -1.61
534 38 Car -1 -1 -1.69 819.65 590.19 895.68 646.12 1.55 1.87 4.27 2.86 0.81 36.02 -1.61
535 38 Car -1 -1 -1.69 820.28 590.11 896.92 646.43 1.55 1.87 4.27 2.87 0.80 35.77 -1.61
536 38 Car -1 -1 -1.69 820.91 590.03 898.19 646.75 1.55 1.87 4.27 2.88 0.80 35.53 -1.61
537 38 Car -1 -1 -1.69 821.55 589.95 899.47 647.07 1.55 1.87 4.27 2.89 0.80 35.29 -1.61
538 38 Car -1 -1 -1.69 822.19 589.86 900.77 647.40 1.55 1.87 4.27 2.90 0.80 35.05 -1.61
