22 6 Pedestrian -1 -1 -0.01 918.04 570.94 941.94 626.19 2.37 1.05 1.00 7.14 0.32 49.29 0.14
23 6 Pedestrian -1 -1 -0.01 918.76 571.71 942.78 627.24 2.37 1.05 1.00 7.14 0.35 49.06 0.14
24 6 Pedestrian -1 -1 -0.01 919.49 572.50 943.62 628.29 2.37 1.05 1.00 7.14 0.39 48.83 0.14
25 6 Pedestrian -1 -1 -0.01 920.21 573.29 944.47 629.36 2.37 1.05 1.00 7.14 0.43 48.61 0.14
26 6 Pedestrian -1 -1 -0.01 921.08 571.52 945.63 627.89 2.37 1.05 1.00 7.15 0.36 48.38 0.14
27 6 Pedestrian -1 -1 -0.01 921.96 569.73 946.80 626.40 2.37 1.05 1.00 7.16 0.29 48.15 0.14
28 6 Pedestrian -1 -1 -0.01 922.86 567.89 947.98 624.90 2.37 1.05 1.00 7.17 0.22 47.92 0.14
29 6 Pedestrian -1 -1 -0.01 923.75 566.02 949.17 623.38 2.37 1.05 1.00 7.18 0.14 47.69 0.14
30 6 Pedestrian -1 -1 -0.01 924.66 564.14 950.38 621.85 2.37 1.05 1.00 7.19 0.07 47.46 0.14
31 6 Pedestrian -1 -1 -0.01 925.58 562.24 951.59 620.30 2.37 1.05 1.00 7.20 0.00 47.23 0.14
32 6 Pedestrian -1 -1 -0.01 926.50 560.33 952.82 618.73 2.37 1.05 1.00 7.21 -0.07 47.00 0.14
33 6 Pedestrian -1 -1 -0.01 927.44 558.39 954.06 617.15 2.37 1.05 1.00 7.22 -0.14 46.77 0.14
34 6 Pedestrian -1 -1 -0.01 928.38 556.44 955.32 615.56 2.37 1.05 1.00 7.23 -0.21 46.54 0.14
35 6 Pedestrian -1 -1 -0.01 929.34 554.46 956.58 613.95 2.37 1.05 1.00 7.24 -0.28 46.31 0.14
36 6 Pedestrian -1 -1 -0.02 930.38 555.54 957.94 615.38 2.37 1.05 1.00 7.25 -0.23 46.08 0.14
37 6 Pedestrian -1 -1 -0.02 931.43 556.63 959.31 616.83 2.37 1.05 1.00 7.26 -0.18 45.86 0.14
38 6 Pedestrian -1 -1 -0.02 932.49 557.74 960.70 618.29 2.37 1.05 1.00 7.28 -0.13 45.63 0.14
39 6 Pedestrian -1 -1 -0.02 933.56 558.85 962.09 619.77 2.37 1.05 1.00 7.29 -0.08 45.40 0.14
40 6 Pedestrian -1 -1 -0.02 934.65 559.98 963.51 621.26 2.37 1.05 1.00 7.30 -0.02 45.17 0.14
41 6 Pedestrian -1 -1 -0.02 935.74 561.11 964.93 622.76 2.37 1.05 1.00 7.32 0.03 44.95 0.14
42 6 Pedestrian -1 -1 -0.02 936.84 562.26 966.38 624.29 2.37 1.05 1.00 7.33 0.08 44.72 0.15
43 6 Pedestrian -1 -1 -0.02 937.96 563.42 967.83 625.82 2.37 1.05 1.00 7.34 0.13 44.49 0.15
44 6 Pedestrian -1 -1 -0.02 939.09 564.60 969.31 627.38 2.37 1.05 1.00 7.36 0.18 44.26 0.15
45 6 Pedestrian -1 -1 -0.02 940.23 565.78 970.79 628.94 2.37 1.05 1.00 7.37 0.23 44.04 0.15
46 6 Pedestrian -1 -1 -0.02 941.07 565.82 971.66 629.24 2.37 1.05 1.00 7.36 0.24 43.81 0.15
47 6 Pedestrian -1 -1 -0.02 941.92 565.85 972.53 629.55 2.37 1.05 1.00 7.36 0.24 43.58 0.15
48 6 Pedestrian -1 -1 -0.02 942.78 565.88 973.41 629.86 2.37 1.05 1.00 7.35 0.25 43.36 0.15
49 6 Pedestrian -1 -1 -0.02 943.65 565.91 974.30 630.17 2.37 1.05 1.00 7.35 0.26 43.13 0.14
50 6 Pedestrian -1 -1 -0.03 944.53 565.95 975.20 630.48 2.37 1.05 1.00 7.34 0.26 42.90 0.14
51 6 Pedestrian -1 -1 -0.03 945.41 565.98 976.11 630.80 2.37 1.05 1.00 7.34 0.27 42.68 0.14
52 6 Pedestrian -1 -1 -0.03 946.31 566.01 977.03 631.11 2.37 1.05 1.00 7.33 0.27 42.45 0.14
53 6 Pedestrian -1 -1 -0.03 947.22 566.05 977.96 631.44 2.37 1.05 1.00 7.33 0.28 42.23 0.14
54 6 Pedestrian -1 -1 -0.03 948.13 566.09 978.89 631.76 2.37 1.05 1.00 7.32 0.28 42.00 0.14
55 6 Pedestrian -1 -1 -0.03 949.06 566.12 979.84 632.09 2.37 1.05 1.00 7.32 0.29 41.77 0.14
56 6 Pedestrian -1 -1 -0.03 950.27 564.93 981.48 631.35 2.37 1.05 1.00 7.33 0.25 41.55 0.14
57 6 Pedestrian -1 -1 -0.03 951.49 563.72 983.14 630.61 2.37 1.05 1.00 7.34 0.21 41.32 0.14
58 6 Pedestrian -1 -1 -0.03 952.73 562.51 984.82 629.85 2.37 1.05 1.00 7.36 0.18 41.10 0.14
59 6 Pedestrian -1 -1 -0.03 953.98 561.27 986.52 629.09 2.37 1.05 1.00 7.37 0.14 40.87 0.14
60 6 Pedestrian -1 -1 -0.03 955.24 560.03 988.23 628.32 2.37 1.05 1.00 7.38 0.10 40.65 0.15
61 6 Pedestrian -1 -1 -0.03 956.52 558.77 989.96 627.54 2.37 1.05 1.00 7.39 0.07 40.42 0.15
62 6 Pedestrian -1 -1 -0.03 957.81 557.50 991.72 626.75 2.37 1.05 1.00 7.41 0.03 40.20 0.15
63 6 Pedestrian -1 -1 -0.03 959.12 556.21 993.49 625.95 2.37 1.05 1.00 7.42 -0.01 39.97 0.15
64 6 Pedestrian -1 -1 -0.03 960.44 554.91 995.29 625.14 2.37 1.05 1.00 7.43 -0.04 39.75 0.15
65 6 Pedestrian -1 -1 -0.03 961.78 553.60 997.10 624.32 2.37 1.05 1.00 7.44 -0.08 39.52 0.15
66 6 Pedestrian -1 -1 -0.04 963.35 553.59 998.78 624.63 2.37 1.05 1.00 7.46 -0.07 39.32 0.15
67 6 Pedestrian -1 -1 -0.04 964.93 553.57 1000.48 624.95 2.37 1.05 1.00 7.48 -0.07 39.12 0.15
68 6 Pedestrian -1 -1 -0.04 966.53 553.56 1002.19 625.27 2.37 1.05 1.00 7.50 -0.06 38.91 0.15
69 6 Pedestrian -1 -1 -0.04 968.15 553.55 1003.93 625.60 2.37 1.05 1.00 7.52 -0.06 38.71 0.15
70 6 Pedestrian -1 -1 -0.04 969.79 553.54 1005.68 625.93 2.37 1.05 1.00 7.53 -0.05 38.51 0.15
71 6 Pedestrian -1 -1 -0.05 971.44 553.53 1007.45 626.26 2.37 1.05 1.00 7.55 -0.05 38.30 0.15
72 6 Pedestrian -1 -1 -0.05 973.11 553.52 1009.24 626.59 2.37 1.05 1.00 7.57 -0.04 38.10 0.15
73 6 Pedestrian -1 -1 -0.05 974.80 553.51 1011.05 626.93 2.37 1.05 1.00 7.59 -0.03 37.90 0.15
74 6 Pedestrian -1 -1 -0.05 976.50 553.50 1012.88 627.28 2.37 1.05 1.00 7.60 -0.03 37.69 0.15
75 6 Pedestrian -1 -1 -0.05 978.23 553.49 1014.73 627.62 2.37 1.05 1.00 7.62 -0.02 37.49 0.15
76 6 Pedestrian -1 -1 -0.06 979.64 554.40 1016.21 627.98 2.34 1.05 1.00 7.63 -0.00 37.29 0.15
77 6 Pedestrian -1 -1 -0.06 981.06 555.33 1017.72 628.35 2.31 1.05 1.00 7.64 0.02 37.09 0.15
78 6 Pedestrian -1 -1 -0.06 982.50 556.27 1019.24 628.72 2.28 1.05 1.00 7.64 0.04 36.89 0.14
79 6 Pedestrian -1 -1 -0.06 983.96 557.22 1020.77 629.09 2.25 1.05 1.00 7.65 0.06 36.69 0.14
80 6 Pedestrian -1 -1 -0.06 985.43 558.18 1022.33 629.46 2.22 1.05 1.00 7.66 0.08 36.49 0.14
81 6 Pedestrian -1 -1 -0.06 986.91 559.15 1023.91 629.84 2.19 1.05 1.00 7.66 0.10 36.28 0.14
82 6 Pedestrian -1 -1 -0.07 988.40 560.13 1025.50 630.23 2.16 1.05 1.00 7.67 0.12 36.08 0.14
83 6 Pedestrian -1 -1 -0.07 989.92 561.12 1027.12 630.62 2.13 1.05 1.00 7.68 0.14 35.88 0.14
84 6 Pedestrian -1 -1 -0.07 991.44 562.12 1028.76 631.01 2.10 1.05 1.00 7.68 0.16 35.68 0.14
85 6 Pedestrian -1 -1 -0.07 992.99 563.14 1030.41 631.41 2.07 1.05 1.00 7.69 0.18 35.48 0.14
86 6 Pedestrian -1 -1 -0.07 994.57 563.29 1032.16 631.94 2.07 1.05 1.00 7.69 0.19 35.26 0.14
87 6 Pedestrian -1 -1 -0.07 996.17 563.44 1033.94 632.47 2.07 1.05 1.00 7.70 0.20 35.03 0.14
88 6 Pedestrian -1 -1 -0.08 997.80 563.59 1035.74 633.02 2.07 1.05 1.00 7.70 0.21 34.81 0.14
89 6 Pedestrian -1 -1 -0.08 999.45 563.75 1037.56 633.57 2.07 1.05 1.00 7.70 0.22 34.59 0.14
90 6 Pedestrian -1 -1 -0.08 1001.11 563.90 1039.40 634.12 2.07 1.05 1.00 7.71 0.23 34.36 0.14
91 6 Pedestrian -1 -1 -0.08 1002.80 564.05 1041.27 634.69 2.07 1.05 1.00 7.71 0.24 34.14 0.14
92 6 Pedestrian -1 -1 -0.08 1004.51 564.17 1043.17 635.26 2.07 1.05 1.00 7.71 0.25 33.92 0.14
93 6 Pedestrian -1 -1 -0.08 1006.24 564.30 1045.09 635.84 2.07 1.05 1.00 7.72 0.25 33.69 0.14
94 6 Pedestrian -1 -1 -0.09 1008.00 564.43 1047.03 636.43 2.07 1.05 1.00 7.72 0.26 33.47 0.14
95 6 Pedestrian -1 -1 -0.09 1009.78 564.56 1049.01 637.02 2.07 1.05 1.00 7.72 0.27 33.25 0.14
96 6 Pedestrian -1 -1 -0.09 1010.47 563.64 1050.17 636.68 2.07 1.05 1.00 7.70 0.25 33.03 0.14
97 6 Pedestrian -1 -1 -0.09 1011.17 562.71 1051.35 636.34 2.07 1.05 1.00 7.67 0.23 32.81 0.14
98 6 Pedestrian -1 -1 -0.09 1011.87 561.76 1052.54 635.99 2.07 1.05 1.00 7.65 0.21 32.59 0.14
99 6 Pedestrian -1 -1 -0.09 1012.59 560.80 1053.75 635.64 2.07 1.05 1.00 7.62 0.19 32.37 0.14
100 6 Pedestrian -1 -1 -0.09 1013.31 559.83 1054.98 635.28 2.07 1.05 1.00 7.60 0.17 32.15 0.14
101 6 Pedestrian -1 -1 -0.09 1014.05 558.85 1056.22 634.91 2.07 1.05 1.00 7.58 0.15 31.93 0.14
102 6 Pedestrian -1 -1 -0.09 1014.80 557.85 1057.48 634.54 2.07 1.05 1.00 7.55 0.13 31.71 0.15
103 6 Pedestrian -1 -1 -0.09 1015.55 556.84 1058.76 634.17 2.07 1.05 1.00 7.53 0.11 31.49 0.15
104 6 Pedestrian -1 -1 -0.09 1016.32 555.81 1060.06 633.79 2.07 1.05 1.00 7.50 0.09 31.27 0.15
105 6 Pedestrian -1 -1 -0.09 1017.10 554.77 1061.38 633.40 2.07 1.05 1.00 7.48 0.07 31.04 0.15
106 6 Pedestrian -1 -1 -0.09 1018.70 555.57 1063.60 635.00 2.07 1.05 1.00 7.47 0.10 30.79 0.15
107 6 Pedestrian -1 -1 -0.09 1020.32 556.38 1065.85 636.62 2.07 1.05 1.00 7.46 0.13 30.54 0.15
108 6 Pedestrian -1 -1 -0.09 1021.97 557.21 1068.15 638.27 2.07 1.05 1.00 7.45 0.16 30.29 0.15
109 6 Pedestrian -1 -1 -0.09 1023.65 558.05 1070.49 639.94 2.07 1.05 1.00 7.44 0.20 30.03 0.15
110 6 Pedestrian -1 -1 -0.09 1025.35 558.90 1072.86 641.65 2.07 1.05 1.00 7.43 0.23 29.78 0.15
111 6 Pedestrian -1 -1 -0.09 1027.08 559.77 1075.28 643.38 2.07 1.05 1.00 7.42 0.26 29.53 0.16
112 6 Pedestrian -1 -1 -0.09 1028.85 560.66 1077.74 645.15 2.07 1.05 1.00 7.41 0.29 29.28 0.16
113 6 Pedestrian -1 -1 -0.09 1030.64 561.56 1080.24 646.94 2.07 1.05 1.00 7.40 0.32 29.03 0.16
114 6 Pedestrian -1 -1 -0.09 1032.47 562.47 1082.79 648.77 2.07 1.05 1.00 7.39 0.35 28.77 0.16
115 6 Pedestrian -1 -1 -0.09 1034.32 563.40 1085.38 650.63 2.07 1.05 1.00 7.38 0.39 28.52 0.16
116 6 Pedestrian -1 -1 -0.09 1036.71 562.46 1088.57 650.32 2.07 1.05 1.00 7.39 0.37 28.27 0.16
117 6 Pedestrian -1 -1 -0.10 1039.13 561.50 1091.82 650.00 2.07 1.05 1.00 7.39 0.35 28.03 0.16
118 6 Pedestrian -1 -1 -0.10 1041.60 560.52 1095.12 649.68 2.07 1.05 1.00 7.40 0.33 27.78 0.16
119 6 Pedestrian -1 -1 -0.10 1044.11 559.37 1098.49 649.35 2.07 1.05 1.00 7.40 0.31 27.53 0.16
120 6 Pedestrian -1 -1 -0.10 1046.66 558.09 1101.92 649.01 2.07 1.05 1.00 7.41 0.29 27.28 0.16
121 6 Pedestrian -1 -1 -0.10 1049.26 556.79 1105.41 648.67 2.07 1.05 1.00 7.41 0.27 27.04 0.16
122 6 Pedestrian -1 -1 -0.10 1051.91 555.46 1108.97 648.31 2.07 1.05 1.00 7.42 0.25 26.79 0.17
123 6 Pedestrian -1 -1 -0.11 1054.60 554.11 1112.60 647.95 2.07 1.05 1.00 7.42 0.23 26.54 0.17
124 6 Pedestrian -1 -1 -0.11 1057.34 552.74 1116.30 647.58 2.07 1.05 1.00 7.43 0.21 26.30 0.17
125 6 Pedestrian -1 -1 -0.11 1060.14 551.35 1120.07 647.20 2.07 1.05 1.00 7.43 0.19 26.05 0.17
126 6 Pedestrian -1 -1 -0.11 1062.85 549.72 1123.72 646.54 2.07 1.05 1.00 7.44 0.17 25.82 0.17
127 6 Pedestrian -1 -1 -0.11 1065.62 548.07 1127.44 645.86 2.07 1.05 1.00 7.45 0.14 25.60 0.18
128 6 Pedestrian -1 -1 -0.11 1068.43 546.39 1131.22 645.17 2.07 1.05 1.00 7.46 0.11 25.37 0.18
129 6 Pedestrian -1 -1 -0.11 1071.30 544.69 1135.08 644.46 2.07 1.05 1.00 7.46 0.09 25.14 0.18
130 6 Pedestrian -1 -1 -0.11 1074.21 542.95 1139.01 643.74 2.07 1.05 1.00 7.47 0.06 24.91 0.18
131 6 Pedestrian -1 -1 -0.11 1077.18 541.18 1143.01 643.01 2.07 1.05 1.00 7.48 0.04 24.69 0.18
132 6 Pedestrian -1 -1 -0.11 1080.20 539.37 1147.09 642.26 2.07 1.05 1.00 7.48 0.01 24.46 0.19
133 6 Pedestrian -1 -1 -0.11 1083.27 537.54 1151.25 641.50 2.07 1.05 1.00 7.49 -0.01 24.23 0.19
134 6 Pedestrian -1 -1 -0.11 1086.41 535.67 1155.49 640.72 2.07 1.05 1.00 7.50 -0.04 24.01 0.19
135 6 Pedestrian -1 -1 -0.11 1090.80 533.52 1161.13 639.75 2.07 1.05 1.00 7.53 -0.07 23.76 0.19
136 6 Pedestrian -1 -1 -0.12 1095.43 532.21 1167.00 639.66 2.07 1.05 1.00 7.56 -0.08 23.52 0.20
137 6 Pedestrian -1 -1 -0.12 1100.15 530.86 1173.00 639.58 2.07 1.05 1.00 7.59 -0.10 23.28 0.20
138 6 Pedestrian -1 -1 -0.12 1104.97 529.50 1179.12 639.50 2.07 1.05 1.00 7.62 -0.11 23.03 0.20
139 6 Pedestrian -1 -1 -0.12 1109.89 528.10 1185.39 639.41 2.07 1.05 1.00 7.65 -0.12 22.79 0.20
140 6 Pedestrian -1 -1 -0.13 1114.91 526.67 1191.78 639.32 2.07 1.05 1.00 7.68 -0.14 22.54 0.20
141 6 Pedestrian -1 -1 -0.13 1120.04 525.21 1198.33 639.23 2.07 1.05 1.00 7.71 -0.15 22.30 0.20
142 6 Pedestrian -1 -1 -0.13 1125.28 523.71 1205.02 639.13 2.07 1.05 1.00 7.74 -0.17 22.06 0.20
143 6 Pedestrian -1 -1 -0.14 1130.63 522.18 1211.86 639.03 2.07 1.05 1.00 7.77 -0.18 21.81 0.21
144 6 Pedestrian -1 -1 -0.14 1136.11 520.62 1218.87 638.93 2.07 1.05 1.00 7.80 -0.19 21.57 0.21
145 6 Pedestrian -1 -1 -0.14 1142.03 520.54 1226.50 640.33 2.07 1.05 1.00 7.84 -0.18 21.32 0.21
146 6 Pedestrian -1 -1 -0.14 1148.08 520.45 1234.31 641.77 2.07 1.05 1.00 7.88 -0.16 21.07 0.21
147 6 Pedestrian -1 -1 -0.15 1154.27 520.36 1242.32 643.24 2.07 1.05 1.00 7.91 -0.14 20.82 0.22
148 6 Pedestrian -1 -1 -0.15 1160.60 520.28 1250.54 644.74 2.07 1.05 1.00 7.95 -0.13 20.57 0.22
149 6 Pedestrian -1 -1 -0.15 1167.08 520.19 1258.96 646.41 2.07 1.05 1.00 7.99 -0.11 20.33 0.22
150 6 Pedestrian -1 -1 -0.15 1173.71 520.11 1267.61 648.20 2.07 1.05 1.00 8.02 -0.09 20.08 0.23
151 6 Pedestrian -1 -1 -0.16 1180.50 520.02 1276.48 650.03 2.07 1.05 1.00 8.06 -0.08 19.83 0.23
152 6 Pedestrian -1 -1 -0.16 1187.46 519.93 1285.58 651.90 2.07 1.05 1.00 8.09 -0.06 19.58 0.23
153 6 Pedestrian -1 -1 -0.16 1194.59 519.85 1294.93 653.82 2.07 1.05 1.00 8.13 -0.04 19.33 0.24
154 6 Pedestrian -1 -1 -0.16 1201.89 519.76 1304.54 655.79 2.07 1.05 1.00 8.17 -0.03 19.08 0.24
155 6 Pedestrian -1 -1 -0.17 1209.93 519.62 1313.68 657.08 2.07 1.05 1.00 8.20 -0.02 18.84 0.24
156 6 Pedestrian -1 -1 -0.19 1218.18 519.48 1323.06 658.39 2.07 1.05 1.00 8.24 -0.00 18.59 0.23
157 6 Pedestrian -1 -1 -0.20 1226.64 519.34 1332.70 659.74 2.07 1.05 1.00 8.27 0.01 18.34 0.23
158 6 Pedestrian -1 -1 -0.21 1235.34 519.20 1342.61 661.12 2.07 1.05 1.00 8.31 0.02 18.09 0.22
159 6 Pedestrian -1 -1 -0.22 1244.27 519.06 1352.81 662.53 2.07 1.05 1.00 8.35 0.03 17.85 0.22
160 6 Pedestrian -1 -1 -0.23 1253.45 518.92 1363.29 663.98 2.07 1.05 1.00 8.38 0.04 17.60 0.22
161 6 Pedestrian -1 -1 -0.24 1262.88 518.77 1374.08 665.46 2.07 1.05 1.00 8.42 0.05 17.35 0.21
162 6 Pedestrian -1 -1 -0.25 1272.58 518.63 1385.19 667.03 2.07 1.05 1.00 8.45 0.06 17.10 0.21
163 6 Pedestrian -1 -1 -0.26 1282.56 518.48 1396.64 668.78 2.07 1.05 1.00 8.49 0.07 16.86 0.21
164 6 Pedestrian -1 -1 -0.27 1292.83 518.33 1408.43 670.57 2.07 1.05 1.00 8.53 0.08 16.61 0.20
165 6 Pedestrian -1 -1 -0.28 1302.90 517.04 1420.92 671.59 2.07 1.05 1.00 8.56 0.08 16.36 0.20
166 6 Pedestrian -1 -1 -0.29 1313.27 515.71 1433.81 672.65 2.07 1.05 1.00 8.60 0.08 16.12 0.20
290 7 Pedestrian -1 -1 -2.99 831.96 606.18 863.56 656.27 1.62 0.79 0.88 2.81 1.36 38.62 -2.91
290 8 Pedestrian -1 -1 -3.02 838.50 600.05 868.15 656.34 1.88 0.81 0.84 3.07 1.29 39.53 -2.94
291 7 Pedestrian -1 -1 -2.99 830.22 605.43 862.03 655.85 1.62 0.79 0.88 2.74 1.33 38.37 -2.92
291 8 Pedestrian -1 -1 -3.02 836.60 599.35 866.49 655.98 1.88 0.81 0.84 2.99 1.26 39.27 -2.94
292 7 Pedestrian -1 -1 -2.99 828.45 604.67 860.47 655.42 1.62 0.79 0.88 2.66 1.30 38.11 -2.92
292 8 Pedestrian -1 -1 -3.02 834.68 598.64 864.80 655.62 1.88 0.81 0.84 2.91 1.23 39.01 -2.94
293 7 Pedestrian -1 -1 -2.99 826.66 603.89 858.90 654.99 1.62 0.79 0.88 2.59 1.27 37.86 -2.92
293 8 Pedestrian -1 -1 -3.01 832.74 597.92 863.10 655.25 1.88 0.81 0.84 2.82 1.21 38.76 -2.94
294 7 Pedestrian -1 -1 -2.99 824.85 603.11 857.30 654.56 1.62 0.79 0.88 2.51 1.24 37.60 -2.93
294 8 Pedestrian -1 -1 -3.01 830.76 597.20 861.36 654.88 1.88 0.81 0.84 2.74 1.18 38.50 -2.94
295 7 Pedestrian -1 -1 -2.99 823.02 602.31 855.68 654.11 1.62 0.79 0.88 2.44 1.22 37.35 -2.93
295 8 Pedestrian -1 -1 -3.01 828.76 596.46 859.61 654.50 1.88 0.81 0.84 2.66 1.15 38.24 -2.94
296 7 Pedestrian -1 -1 -3.00 821.15 601.51 854.04 653.66 1.62 0.79 0.88 2.37 1.19 37.10 -2.93
296 8 Pedestrian -1 -1 -3.01 826.74 595.71 857.83 654.12 1.88 0.81 0.84 2.58 1.13 37.98 -2.94
297 7 Pedestrian -1 -1 -3.00 819.27 600.69 852.38 653.21 1.62 0.79 0.88 2.29 1.16 36.84 -2.94
297 8 Pedestrian -1 -1 -3.00 824.68 594.95 856.03 653.73 1.88 0.81 0.84 2.50 1.10 37.73 -2.94
298 7 Pedestrian -1 -1 -3.00 817.35 599.86 850.69 652.74 1.62 0.79 0.88 2.22 1.13 36.59 -2.94
298 8 Pedestrian -1 -1 -3.00 822.60 594.18 854.21 653.34 1.88 0.81 0.84 2.42 1.07 37.47 -2.94
299 7 Pedestrian -1 -1 -3.00 815.41 599.02 848.98 652.27 1.62 0.79 0.88 2.15 1.10 36.33 -2.94
299 8 Pedestrian -1 -1 -3.00 820.49 593.40 852.35 652.94 1.88 0.81 0.84 2.34 1.04 37.21 -2.94
300 7 Pedestrian -1 -1 -3.00 813.44 598.17 847.24 651.80 1.62 0.79 0.88 2.07 1.07 36.08 -2.94
300 8 Pedestrian -1 -1 -3.00 818.35 592.61 850.48 652.53 1.88 0.81 0.84 2.25 1.02 36.96 -2.94
301 7 Pedestrian -1 -1 -3.00 810.55 598.18 844.71 652.20 1.62 0.79 0.88 1.97 1.07 35.82 -2.94
301 8 Pedestrian -1 -1 -2.99 816.17 591.81 848.57 652.12 1.88 0.81 0.84 2.17 0.99 36.70 -2.94
302 7 Pedestrian -1 -1 -2.99 807.62 598.18 842.14 652.61 1.62 0.79 0.88 1.87 1.07 35.56 -2.94
302 8 Pedestrian -1 -1 -2.99 813.97 591.00 846.64 651.70 1.88 0.81 0.84 2.09 0.96 36.44 -2.93
303 7 Pedestrian -1 -1 -2.99 804.65 598.18 839.53 653.03 1.62 0.79 0.88 1.77 1.07 35.30 -2.94
303 8 Pedestrian -1 -1 -2.99 811.74 590.18 844.69 651.28 1.88 0.81 0.84 2.01 0.94 36.18 -2.93
304 7 Pedestrian -1 -1 -2.99 801.63 598.18 836.88 653.45 1.62 0.79 0.88 1.67 1.07 35.04 -2.94
304 8 Pedestrian -1 -1 -2.99 809.78 590.01 843.00 651.53 1.88 0.81 0.84 1.94 0.93 35.93 -2.93
305 7 Pedestrian -1 -1 -2.98 798.56 598.19 834.20 653.88 1.62 0.79 0.88 1.57 1.06 34.78 -2.94
305 8 Pedestrian -1 -1 -2.98 807.80 589.85 841.29 651.79 1.88 0.81 0.84 1.87 0.93 35.68 -2.93
306 7 Pedestrian -1 -1 -2.98 795.45 598.19 831.47 654.31 1.62 0.79 0.88 1.47 1.06 34.51 -2.94
306 8 Pedestrian -1 -1 -2.98 805.78 589.68 839.56 652.04 1.88 0.81 0.84 1.79 0.92 35.42 -2.93
307 7 Pedestrian -1 -1 -2.97 792.30 598.19 828.70 654.76 1.62 0.79 0.88 1.37 1.06 34.25 -2.93
307 8 Pedestrian -1 -1 -2.98 803.74 589.51 837.80 652.31 1.88 0.81 0.84 1.72 0.92 35.17 -2.93
308 7 Pedestrian -1 -1 -2.97 789.09 598.20 825.89 655.21 1.62 0.79 0.88 1.27 1.06 33.99 -2.93
308 8 Pedestrian -1 -1 -2.98 801.67 589.34 836.02 652.57 1.88 0.81 0.84 1.65 0.91 34.91 -2.93
309 7 Pedestrian -1 -1 -2.97 785.83 598.20 823.04 655.66 1.62 0.79 0.88 1.17 1.06 33.73 -2.93
309 8 Pedestrian -1 -1 -2.98 799.56 589.17 834.21 652.84 1.88 0.81 0.84 1.58 0.91 34.66 -2.93
310 7 Pedestrian -1 -1 -2.96 782.53 598.20 820.14 656.12 1.62 0.79 0.88 1.07 1.06 33.47 -2.93
310 8 Pedestrian -1 -1 -2.97 797.43 588.99 832.37 653.12 1.88 0.81 0.84 1.51 0.90 34.40 -2.93
311 7 Pedestrian -1 -1 -2.96 779.82 598.16 817.82 656.52 1.62 0.79 0.88 0.99 1.05 33.23 -2.93
311 8 Pedestrian -1 -1 -2.97 795.26 588.81 830.51 653.39 1.88 0.81 0.84 1.44 0.90 34.15 -2.93
312 7 Pedestrian -1 -1 -2.95 777.08 598.12 815.47 656.93 1.62 0.79 0.88 0.91 1.05 32.98 -2.93
312 8 Pedestrian -1 -1 -2.97 793.06 588.63 828.62 653.68 1.88 0.81 0.84 1.36 0.89 33.89 -2.93
313 7 Pedestrian -1 -1 -2.95 774.29 598.07 813.09 657.34 1.62 0.79 0.88 0.82 1.05 32.74 -2.93
313 8 Pedestrian -1 -1 -2.97 790.83 588.45 826.70 653.96 1.88 0.81 0.84 1.29 0.88 33.64 -2.93
314 7 Pedestrian -1 -1 -2.95 771.46 598.03 810.67 657.76 1.62 0.79 0.88 0.74 1.05 32.49 -2.92
314 8 Pedestrian -1 -1 -2.96 788.76 588.25 824.93 654.22 1.88 0.81 0.84 1.23 0.88 33.39 -2.93
315 7 Pedestrian -1 -1 -2.94 768.59 597.99 808.21 658.18 1.62 0.79 0.88 0.66 1.04 32.24 -2.92
315 8 Pedestrian -1 -1 -2.96 786.66 588.04 823.14 654.49 1.88 0.81 0.84 1.16 0.87 33.15 -2.93
316 7 Pedestrian -1 -1 -2.94 765.68 597.94 805.71 658.62 1.62 0.79 0.88 0.58 1.04 32.00 -2.92
316 8 Pedestrian -1 -1 -2.96 784.53 587.84 821.33 654.76 1.88 0.81 0.84 1.10 0.87 32.90 -2.92
317 7 Pedestrian -1 -1 -2.93 762.72 597.90 803.18 659.05 1.62 0.79 0.88 0.50 1.04 31.75 -2.92
317 8 Pedestrian -1 -1 -2.96 782.37 587.63 819.48 655.03 1.88 0.81 0.84 1.03 0.86 32.66 -2.92
318 7 Pedestrian -1 -1 -2.93 759.71 597.85 800.60 659.50 1.62 0.79 0.88 0.42 1.04 31.51 -2.92
318 8 Pedestrian -1 -1 -2.95 780.17 587.42 817.61 655.31 1.88 0.81 0.84 0.96 0.86 32.41 -2.92
319 7 Pedestrian -1 -1 -2.93 756.66 597.80 797.99 659.95 1.62 0.79 0.88 0.34 1.03 31.26 -2.92
319 8 Pedestrian -1 -1 -2.95 777.94 587.21 815.71 655.59 1.88 0.81 0.84 0.90 0.85 32.17 -2.92
320 7 Pedestrian -1 -1 -2.92 753.55 597.75 795.33 660.41 1.62 0.79 0.88 0.26 1.03 31.02 -2.91
320 8 Pedestrian -1 -1 -2.95 775.68 586.99 813.79 655.87 1.88 0.81 0.84 0.83 0.84 31.92 -2.92
321 7 Pedestrian -1 -1 -2.91 750.31 597.41 792.69 660.58 1.62 0.79 0.88 0.17 1.02 30.77 -2.91
321 8 Pedestrian -1 -1 -2.95 773.38 586.76 811.83 656.16 1.88 0.81 0.84 0.77 0.84 31.68 -2.92
322 7 Pedestrian -1 -1 -2.90 747.02 597.06 790.00 660.74 1.62 0.79 0.88 0.09 1.01 30.52 -2.90
322 8 Pedestrian -1 -1 -2.94 771.05 586.51 809.84 656.46 1.88 0.81 0.84 0.70 0.83 31.43 -2.92
323 7 Pedestrian -1 -1 -2.89 743.68 596.70 787.27 660.92 1.62 0.79 0.88 0.01 1.00 30.28 -2.89
323 8 Pedestrian -1 -1 -2.94 768.67 586.25 807.82 656.76 1.88 0.81 0.84 0.64 0.83 31.19 -2.92
324 7 Pedestrian -1 -1 -2.88 740.28 596.34 784.49 661.09 1.62 0.79 0.88 -0.07 0.99 30.03 -2.88
324 8 Pedestrian -1 -1 -2.93 765.80 586.01 805.49 657.08 1.88 0.81 0.84 0.56 0.82 30.94 -2.91
325 7 Pedestrian -1 -1 -2.87 736.83 595.97 781.66 661.27 1.62 0.79 0.88 -0.15 0.98 29.79 -2.87
325 8 Pedestrian -1 -1 -2.92 762.88 585.76 803.11 657.40 1.88 0.81 0.84 0.48 0.82 30.70 -2.90
326 7 Pedestrian -1 -1 -2.86 733.32 595.59 778.78 661.45 1.62 0.79 0.88 -0.23 0.97 29.54 -2.86
326 8 Pedestrian -1 -1 -2.91 759.92 585.52 800.70 657.73 1.88 0.81 0.84 0.41 0.81 30.45 -2.89
327 7 Pedestrian -1 -1 -2.85 729.76 595.21 775.86 661.64 1.62 0.79 0.88 -0.32 0.96 29.30 -2.86
327 8 Pedestrian -1 -1 -2.90 756.91 585.27 798.25 658.07 1.88 0.81 0.84 0.33 0.81 30.20 -2.89
328 7 Pedestrian -1 -1 -2.83 726.14 594.82 772.88 661.82 1.62 0.79 0.88 -0.40 0.95 29.05 -2.85
328 8 Pedestrian -1 -1 -2.89 753.85 585.01 795.76 658.41 1.88 0.81 0.84 0.26 0.80 29.96 -2.88
329 7 Pedestrian -1 -1 -2.82 722.46 594.42 769.85 662.02 1.62 0.79 0.88 -0.48 0.94 28.80 -2.84
329 8 Pedestrian -1 -1 -2.87 750.75 584.75 793.22 658.75 1.88 0.81 0.84 0.18 0.80 29.71 -2.87
330 7 Pedestrian -1 -1 -2.81 718.72 594.02 766.76 662.21 1.62 0.79 0.88 -0.56 0.92 28.56 -2.83
330 8 Pedestrian -1 -1 -2.86 747.59 584.48 790.64 659.11 1.88 0.81 0.84 0.10 0.79 29.47 -2.86
331 7 Pedestrian -1 -1 -2.82 715.24 593.98 763.48 662.67 1.62 0.79 0.88 -0.64 0.92 28.32 -2.84
331 8 Pedestrian -1 -1 -2.85 744.39 584.21 788.01 659.46 1.88 0.81 0.84 0.03 0.79 29.22 -2.85
332 7 Pedestrian -1 -1 -2.82 711.70 593.94 760.14 663.15 1.62 0.79 0.88 -0.72 0.92 28.08 -2.85
332 8 Pedestrian -1 -1 -2.84 741.13 583.94 785.34 659.83 1.88 0.81 0.84 -0.05 0.78 28.98 -2.84
333 7 Pedestrian -1 -1 -2.83 708.10 593.89 756.74 663.63 1.62 0.79 0.88 -0.80 0.92 27.84 -2.85
333 8 Pedestrian -1 -1 -2.83 737.82 583.66 782.62 660.20 1.88 0.81 0.84 -0.12 0.78 28.73 -2.83
334 7 Pedestrian -1 -1 -2.83 704.44 593.85 753.28 664.12 1.62 0.79 0.88 -0.88 0.91 27.60 -2.86
334 8 Pedestrian -1 -1 -2.84 734.58 583.70 779.58 660.92 1.88 0.81 0.84 -0.20 0.78 28.49 -2.85
335 7 Pedestrian -1 -1 -2.84 700.71 593.81 749.76 664.62 1.62 0.79 0.88 -0.96 0.91 27.36 -2.87
335 8 Pedestrian -1 -1 -2.85 731.28 583.75 776.49 661.66 1.88 0.81 0.84 -0.28 0.78 28.24 -2.86
336 7 Pedestrian -1 -1 -2.84 696.92 593.76 746.18 665.12 1.62 0.79 0.88 -1.04 0.91 27.12 -2.88
336 8 Pedestrian -1 -1 -2.86 727.93 583.80 773.34 662.41 1.88 0.81 0.84 -0.36 0.78 28.00 -2.87
337 7 Pedestrian -1 -1 -2.85 693.05 593.72 742.54 665.64 1.62 0.79 0.88 -1.12 0.91 26.88 -2.89
337 8 Pedestrian -1 -1 -2.86 724.52 583.85 770.14 663.17 1.88 0.81 0.84 -0.43 0.79 27.75 -2.88
338 7 Pedestrian -1 -1 -2.85 689.12 593.67 738.83 666.17 1.62 0.79 0.88 -1.20 0.90 26.64 -2.89
338 8 Pedestrian -1 -1 -2.87 721.05 583.89 766.88 663.94 1.88 0.81 0.84 -0.51 0.79 27.51 -2.89
339 7 Pedestrian -1 -1 -2.85 685.12 593.62 735.06 666.71 1.62 0.79 0.88 -1.28 0.90 26.40 -2.90
339 8 Pedestrian -1 -1 -2.88 717.52 583.94 763.56 664.73 1.88 0.81 0.84 -0.59 0.79 27.26 -2.90
340 7 Pedestrian -1 -1 -2.86 681.04 593.58 731.21 667.25 1.62 0.79 0.88 -1.36 0.90 26.16 -2.91
340 8 Pedestrian -1 -1 -2.89 713.93 584.00 760.18 665.54 1.88 0.81 0.84 -0.67 0.80 27.02 -2.91
341 7 Pedestrian -1 -1 -2.86 677.01 595.08 727.42 669.40 1.62 0.79 0.88 -1.43 0.93 25.92 -2.92
341 8 Pedestrian -1 -1 -2.90 710.27 584.05 756.73 666.36 1.88 0.81 0.84 -0.74 0.80 26.77 -2.93
342 7 Pedestrian -1 -1 -2.87 672.90 596.61 723.55 671.59 1.62 0.79 0.88 -1.51 0.96 25.68 -2.93
342 8 Pedestrian -1 -1 -2.91 706.54 584.10 753.23 667.19 1.88 0.81 0.84 -0.82 0.80 26.53 -2.94
343 7 Pedestrian -1 -1 -2.87 668.72 598.17 719.61 673.83 1.62 0.79 0.88 -1.59 1.00 25.44 -2.93
343 8 Pedestrian -1 -1 -2.92 702.75 584.16 749.65 668.04 1.88 0.81 0.84 -0.90 0.80 26.28 -2.95
344 7 Pedestrian -1 -1 -2.88 664.45 599.76 715.60 676.11 1.62 0.79 0.88 -1.66 1.03 25.20 -2.94
344 8 Pedestrian -1 -1 -2.91 698.06 585.99 745.57 670.66 1.88 0.81 0.84 -0.99 0.85 26.04 -2.95
345 7 Pedestrian -1 -1 -2.88 660.11 601.38 711.51 678.43 1.62 0.79 0.88 -1.74 1.06 24.96 -2.95
345 8 Pedestrian -1 -1 -2.90 693.27 587.85 741.41 673.32 1.88 0.81 0.84 -1.08 0.89 25.79 -2.94
346 7 Pedestrian -1 -1 -2.89 655.67 603.03 707.34 680.80 1.62 0.79 0.88 -1.82 1.10 24.72 -2.96
346 8 Pedestrian -1 -1 -2.90 688.40 589.75 737.17 676.04 1.88 0.81 0.84 -1.17 0.93 25.55 -2.94
347 7 Pedestrian -1 -1 -2.89 651.15 604.71 703.09 683.22 1.62 0.79 0.88 -1.89 1.13 24.48 -2.97
347 8 Pedestrian -1 -1 -2.89 683.43 591.69 732.85 678.81 1.88 0.81 0.84 -1.27 0.98 25.31 -2.94
348 7 Pedestrian -1 -1 -2.89 646.54 606.42 698.76 685.69 1.62 0.79 0.88 -1.97 1.16 24.24 -2.97
348 8 Pedestrian -1 -1 -2.88 678.37 593.67 728.45 681.63 1.88 0.81 0.84 -1.36 1.02 25.06 -2.94
349 7 Pedestrian -1 -1 -2.90 641.83 608.17 694.34 688.21 1.62 0.79 0.88 -2.05 1.20 24.00 -2.98
349 8 Pedestrian -1 -1 -2.88 673.20 595.69 723.96 684.51 1.88 0.81 0.84 -1.45 1.06 24.82 -2.93
350 7 Pedestrian -1 -1 -2.90 637.03 609.95 689.83 690.78 1.62 0.79 0.88 -2.12 1.23 23.75 -2.99
350 8 Pedestrian -1 -1 -2.87 667.57 594.61 719.06 684.39 1.88 0.81 0.84 -1.55 1.04 24.56 -2.93
351 7 Pedestrian -1 -1 -2.89 631.30 609.21 684.84 690.88 1.62 0.79 0.88 -2.21 1.21 23.48 -2.99
351 8 Pedestrian -1 -1 -2.86 661.82 593.50 714.05 684.25 1.88 0.81 0.84 -1.65 1.01 24.30 -2.93
352 7 Pedestrian -1 -1 -2.88 625.43 608.45 679.74 690.99 1.62 0.79 0.88 -2.29 1.19 23.21 -2.98
352 8 Pedestrian -1 -1 -2.85 655.94 592.37 708.94 684.12 1.88 0.81 0.84 -1.75 0.99 24.04 -2.93
353 7 Pedestrian -1 -1 -2.87 619.42 607.67 674.51 691.10 1.62 0.79 0.88 -2.38 1.17 22.93 -2.98
353 8 Pedestrian -1 -1 -2.85 649.94 591.21 703.71 683.98 1.88 0.81 0.84 -1.84 0.96 23.78 -2.92
354 7 Pedestrian -1 -1 -2.86 613.27 606.88 669.15 691.21 1.62 0.79 0.88 -2.47 1.15 22.66 -2.97
354 8 Pedestrian -1 -1 -2.84 644.80 591.27 699.36 685.08 1.88 0.81 0.84 -1.92 0.97 23.51 -2.92
355 7 Pedestrian -1 -1 -2.85 606.96 606.07 663.67 691.32 1.62 0.79 0.88 -2.55 1.12 22.38 -2.97
355 8 Pedestrian -1 -1 -2.83 639.54 591.32 694.91 686.21 1.88 0.81 0.84 -2.00 0.97 23.25 -2.92
356 7 Pedestrian -1 -1 -2.84 600.50 605.23 658.04 691.44 1.62 0.79 0.88 -2.64 1.10 22.11 -2.96
356 8 Pedestrian -1 -1 -2.83 634.16 591.37 690.36 687.36 1.88 0.81 0.84 -2.08 0.97 22.99 -2.92
357 7 Pedestrian -1 -1 -2.83 593.87 604.38 652.28 691.55 1.62 0.79 0.88 -2.73 1.08 21.83 -2.96
357 8 Pedestrian -1 -1 -2.82 628.66 591.43 685.70 688.54 1.88 0.81 0.84 -2.16 0.97 22.72 -2.91
358 7 Pedestrian -1 -1 -2.82 587.08 603.51 646.37 691.67 1.62 0.79 0.88 -2.81 1.06 21.56 -2.95
358 8 Pedestrian -1 -1 -2.81 623.03 591.48 680.94 689.75 1.88 0.81 0.84 -2.23 0.97 22.46 -2.91
359 7 Pedestrian -1 -1 -2.81 580.11 602.61 640.30 691.80 1.62 0.79 0.88 -2.90 1.04 21.28 -2.95
359 8 Pedestrian -1 -1 -2.80 617.26 591.54 676.06 690.98 1.88 0.81 0.84 -2.31 0.97 22.20 -2.91
360 7 Pedestrian -1 -1 -2.84 573.79 601.69 633.91 691.99 1.62 0.79 0.88 -2.98 1.02 21.01 -2.98
360 8 Pedestrian -1 -1 -2.80 611.36 591.60 671.07 692.25 1.88 0.81 0.84 -2.39 0.97 21.93 -2.90
361 7 Pedestrian -1 -1 -2.81 567.33 602.72 628.60 693.90 1.62 0.78 0.88 -3.06 1.04 20.80 -2.96
361 8 Pedestrian -1 -1 -2.79 605.30 591.66 665.95 693.55 1.88 0.81 0.84 -2.47 0.97 21.67 -2.90
362 7 Pedestrian -1 -1 -2.79 560.77 603.78 623.16 695.85 1.62 0.77 0.88 -3.13 1.05 20.60 -2.94
362 8 Pedestrian -1 -1 -2.78 599.10 591.72 660.71 694.88 1.88 0.81 0.84 -2.54 0.97 21.40 -2.90
363 9 Car -1 -1 1.85 845.32 587.48 917.19 626.25 1.53 1.95 4.44 5.09 0.65 49.33 1.95
363 7 Pedestrian -1 -1 -2.76 554.11 604.85 617.58 697.87 1.62 0.76 0.88 -3.21 1.07 20.39 -2.92
363 8 Pedestrian -1 -1 -2.77 592.74 591.78 655.34 696.24 1.88 0.81 0.84 -2.62 0.97 21.14 -2.90
364 9 Car -1 -1 1.80 845.60 587.55 913.27 626.48 1.53 1.95 4.44 4.99 0.65 49.12 1.90
364 7 Pedestrian -1 -1 -2.73 547.35 605.95 611.85 700.01 1.62 0.75 0.88 -3.29 1.09 20.18 -2.89
364 8 Pedestrian -1 -1 -2.75 587.93 592.31 651.67 697.86 1.88 0.81 0.84 -2.67 0.98 20.92 -2.88
365 9 Car -1 -1 1.80 842.81 587.78 911.48 627.23 1.53 1.95 4.44 4.83 0.66 48.52 1.90
365 7 Pedestrian -1 -1 -2.71 540.48 607.08 605.98 702.20 1.62 0.74 0.88 -3.37 1.11 19.98 -2.87
365 8 Pedestrian -1 -1 -2.73 583.02 592.85 647.91 699.51 1.88 0.81 0.84 -2.72 0.99 20.69 -2.86
366 9 Car -1 -1 1.75 842.15 589.52 907.02 629.67 1.53 1.95 4.44 4.66 0.74 47.87 1.85
366 7 Pedestrian -1 -1 -2.68 533.51 608.23 599.94 704.43 1.62 0.73 0.88 -3.45 1.12 19.77 -2.85
366 8 Pedestrian -1 -1 -2.71 578.02 593.41 644.06 701.19 1.88 0.81 0.84 -2.77 1.00 20.47 -2.85
367 9 Car -1 -1 1.75 842.76 590.47 907.48 630.63 1.53 1.95 4.44 4.69 0.79 47.95 1.85
367 7 Pedestrian -1 -1 -2.65 526.42 609.41 593.75 706.71 1.62 0.72 0.88 -3.53 1.14 19.56 -2.83
367 8 Pedestrian -1 -1 -2.69 572.92 593.97 640.11 702.91 1.88 0.81 0.84 -2.82 1.01 20.25 -2.83
368 9 Car -1 -1 1.81 832.83 590.54 904.04 631.39 1.53 1.95 4.44 4.35 0.79 47.23 1.90
368 7 Pedestrian -1 -1 -2.63 519.22 610.61 587.39 709.04 1.62 0.71 0.88 -3.61 1.16 19.36 -2.81
368 8 Pedestrian -1 -1 -2.67 567.73 594.55 636.06 704.67 1.88 0.81 0.84 -2.87 1.02 20.02 -2.81
369 9 Car -1 -1 1.70 836.57 590.76 898.47 632.07 1.53 1.95 4.44 4.25 0.80 46.67 1.79
369 7 Pedestrian -1 -1 -2.60 511.90 611.85 580.86 711.42 1.62 0.70 0.88 -3.69 1.18 19.15 -2.79
369 8 Pedestrian -1 -1 -2.65 561.13 595.13 630.79 706.70 1.88 0.81 0.84 -2.94 1.03 19.76 -2.79
370 9 Car -1 -1 1.76 830.43 590.85 898.00 632.34 1.53 1.95 4.44 4.11 0.80 46.54 1.85
370 7 Pedestrian -1 -1 -2.57 504.45 613.11 574.15 713.86 1.62 0.69 0.88 -3.76 1.19 18.94 -2.77
370 8 Pedestrian -1 -1 -2.62 554.37 595.73 625.36 708.79 1.88 0.81 0.84 -3.00 1.04 19.49 -2.78
371 9 Car -1 -1 1.76 824.28 594.35 893.68 637.09 1.53 1.95 4.44 3.82 0.95 45.59 1.85
371 7 Pedestrian -1 -1 -2.54 495.82 613.95 565.97 715.64 1.61 0.69 0.86 -3.85 1.20 18.66 -2.75
371 8 Pedestrian -1 -1 -2.60 547.44 596.34 619.77 710.93 1.88 0.81 0.84 -3.07 1.05 19.22 -2.76
372 9 Car -1 -1 1.71 828.03 595.13 891.71 637.66 1.53 1.95 4.44 3.87 0.98 45.83 1.79
372 7 Pedestrian -1 -1 -2.51 486.94 614.81 557.53 717.48 1.60 0.69 0.84 -3.93 1.20 18.38 -2.73
372 8 Pedestrian -1 -1 -2.58 540.33 596.98 614.01 713.14 1.88 0.81 0.84 -3.13 1.06 18.96 -2.74
373 9 Car -1 -1 1.82 819.09 595.65 894.78 639.15 1.53 1.95 4.44 3.69 1.00 44.99 1.90
373 7 Pedestrian -1 -1 -2.49 477.78 615.71 548.83 719.38 1.59 0.69 0.83 -4.01 1.20 18.09 -2.70
373 8 Pedestrian -1 -1 -2.55 533.01 597.00 607.97 714.58 1.88 0.81 0.84 -3.20 1.06 18.72 -2.72
374 9 Car -1 -1 1.72 819.09 596.09 885.85 640.43 1.53 1.95 4.44 3.45 1.02 44.16 1.79
374 7 Pedestrian -1 -1 -2.46 468.34 616.63 539.83 721.34 1.58 0.69 0.81 -4.09 1.20 17.81 -2.68
374 8 Pedestrian -1 -1 -2.52 525.53 597.03 601.76 716.05 1.88 0.81 0.84 -3.28 1.06 18.49 -2.70
375 9 Car -1 -1 1.77 810.44 598.24 884.33 643.64 1.53 1.95 4.44 3.20 1.10 43.42 1.85
375 7 Pedestrian -1 -1 -2.43 458.60 617.58 530.54 723.35 1.57 0.69 0.79 -4.17 1.21 17.52 -2.66
375 8 Pedestrian -1 -1 -2.50 517.88 597.06 595.36 717.61 1.88 0.81 0.84 -3.35 1.06 18.25 -2.68
376 9 Car -1 -1 1.77 808.98 598.38 883.35 644.04 1.53 1.95 4.44 3.14 1.10 43.20 1.85
376 7 Pedestrian -1 -1 -2.40 448.55 618.57 520.94 725.43 1.56 0.69 0.78 -4.25 1.21 17.24 -2.64
376 8 Pedestrian -1 -1 -2.47 510.06 597.09 588.77 719.30 1.88 0.81 0.84 -3.42 1.05 18.02 -2.66
377 9 Car -1 -1 1.72 808.40 596.20 878.36 642.22 1.53 1.95 4.44 2.99 1.01 42.65 1.79
377 7 Pedestrian -1 -1 -2.37 438.16 619.59 511.01 727.58 1.55 0.69 0.76 -4.34 1.21 16.96 -2.62
377 8 Pedestrian -1 -1 -2.44 502.06 597.12 581.98 721.03 1.88 0.81 0.84 -3.49 1.05 17.78 -2.64
378 9 Car -1 -1 1.78 799.20 596.65 876.43 643.50 1.53 1.95 4.44 2.75 1.03 42.00 1.85
378 7 Pedestrian -1 -1 -2.34 427.42 620.64 500.73 729.80 1.54 0.69 0.74 -4.42 1.21 16.67 -2.60
378 8 Pedestrian -1 -1 -2.41 493.87 597.15 574.99 722.81 1.88 0.81 0.84 -3.56 1.05 17.55 -2.61
379 9 Car -1 -1 1.78 796.26 592.37 874.57 639.32 1.53 1.95 4.44 2.63 0.86 41.54 1.85
379 7 Pedestrian -1 -1 -2.31 416.32 621.73 490.10 732.10 1.53 0.69 0.73 -4.50 1.22 16.39 -2.58
379 8 Pedestrian -1 -1 -2.39 485.49 597.18 567.77 724.64 1.88 0.81 0.84 -3.63 1.05 17.31 -2.59
380 9 Car -1 -1 1.79 793.79 590.02 872.93 637.11 1.53 1.95 4.44 2.54 0.77 41.21 1.85
380 7 Pedestrian -1 -1 -2.28 404.83 622.86 479.08 734.47 1.52 0.69 0.71 -4.58 1.22 16.11 -2.56
380 8 Pedestrian -1 -1 -2.36 476.91 597.21 560.33 726.52 1.88 0.81 0.84 -3.71 1.05 17.08 -2.57
381 9 Car -1 -1 1.79 789.88 590.29 870.32 638.04 1.53 1.95 4.44 2.39 0.78 40.69 1.85
381 7 Pedestrian -1 -1 -2.24 396.65 623.80 471.74 736.97 1.52 0.69 0.71 -4.63 1.23 15.90 -2.53
381 8 Pedestrian -1 -1 -2.33 468.12 597.24 552.65 728.45 1.88 0.81 0.84 -3.78 1.05 16.84 -2.55
382 9 Car -1 -1 1.74 792.08 590.28 866.75 637.97 1.53 1.95 4.44 2.36 0.78 40.69 1.79
382 7 Pedestrian -1 -1 -2.21 388.30 624.78 464.16 739.54 1.52 0.69 0.71 -4.68 1.23 15.69 -2.50
382 8 Pedestrian -1 -1 -2.28 460.28 597.88 545.75 731.09 1.88 0.81 0.84 -3.83 1.06 16.60 -2.51
383 9 Car -1 -1 1.74 785.69 595.46 862.83 645.09 1.53 1.95 4.44 2.13 0.97 39.65 1.79
383 7 Pedestrian -1 -1 -2.18 379.77 625.78 456.34 742.18 1.52 0.69 0.71 -4.73 1.24 15.49 -2.47
383 8 Pedestrian -1 -1 -2.23 452.30 598.46 538.55 733.81 1.88 0.81 0.84 -3.89 1.07 16.36 -2.46
384 9 Car -1 -1 1.79 779.92 596.86 864.21 647.32 1.53 1.95 4.44 2.03 1.02 39.19 1.85
384 7 Pedestrian -1 -1 -2.14 371.06 626.80 448.26 744.89 1.52 0.69 0.71 -4.78 1.25 15.28 -2.45
384 8 Pedestrian -1 -1 -2.18 444.20 599.05 531.04 736.61 1.88 0.81 0.84 -3.94 1.07 16.12 -2.42
385 9 Car -1 -1 1.80 773.23 597.52 860.13 649.38 1.53 1.95 4.44 1.80 1.04 38.25 1.85
385 7 Pedestrian -1 -1 -2.11 362.14 627.78 439.92 747.68 1.52 0.69 0.71 -4.83 1.26 15.07 -2.42
385 8 Pedestrian -1 -1 -2.13 435.95 599.67 523.19 739.48 1.88 0.81 0.84 -4.00 1.08 15.89 -2.38
386 9 Car -1 -1 1.75 773.37 601.21 854.46 653.51 1.53 1.95 4.44 1.71 1.17 38.22 1.79
386 7 Pedestrian -1 -1 -2.07 353.03 628.80 431.31 750.54 1.52 0.69 0.71 -4.88 1.26 14.87 -2.39
386 8 Pedestrian -1 -1 -2.08 427.56 600.30 515.01 742.44 1.88 0.81 0.84 -4.05 1.09 15.65 -2.34
387 9 Car -1 -1 1.75 769.80 604.07 852.29 657.47 1.53 1.95 4.44 1.59 1.27 37.71 1.79
387 7 Pedestrian -1 -1 -2.04 343.70 629.84 422.41 753.48 1.52 0.69 0.71 -4.93 1.27 14.66 -2.36
387 8 Pedestrian -1 -1 -2.03 419.02 600.95 506.46 745.48 1.88 0.81 0.84 -4.11 1.09 15.41 -2.29
388 9 Car -1 -1 1.76 762.87 604.95 848.13 659.98 1.53 1.95 4.44 1.37 1.28 36.74 1.79
388 7 Pedestrian -1 -1 -2.00 334.16 630.91 413.21 756.50 1.52 0.69 0.71 -4.98 1.28 14.45 -2.34
388 8 Pedestrian -1 -1 -1.98 410.32 601.63 497.53 748.62 1.88 0.81 0.84 -4.16 1.10 15.17 -2.25
389 9 Car -1 -1 1.76 760.17 605.29 846.51 660.93 1.53 1.95 4.44 1.29 1.29 36.38 1.79
389 7 Pedestrian -1 -1 -1.97 324.38 632.01 403.69 759.61 1.52 0.69 0.71 -5.03 1.29 14.25 -2.31
389 8 Pedestrian -1 -1 -1.93 401.44 602.33 488.21 751.85 1.88 0.81 0.84 -4.22 1.11 14.93 -2.21
390 9 Car -1 -1 1.81 755.97 605.72 849.12 661.67 1.53 1.95 4.44 1.27 1.30 36.25 1.85
390 7 Pedestrian -1 -1 -1.93 314.37 633.15 393.84 762.81 1.52 0.69 0.71 -5.08 1.29 14.04 -2.28
390 8 Pedestrian -1 -1 -1.88 392.39 603.05 478.46 755.17 1.88 0.81 0.84 -4.27 1.12 14.69 -2.16
391 9 Car -1 -1 1.77 748.31 602.03 838.54 659.17 1.53 1.95 4.44 0.95 1.17 35.24 1.79
391 7 Pedestrian -1 -1 -1.91 303.25 633.99 383.33 765.77 1.52 0.69 0.71 -5.14 1.30 13.83 -2.27
391 8 Pedestrian -1 -1 -1.83 383.15 603.80 468.28 758.60 1.88 0.81 0.84 -4.33 1.12 14.45 -2.12
392 9 Car -1 -1 1.72 748.25 602.43 833.16 660.42 1.53 1.95 4.44 0.85 1.18 34.75 1.74
392 7 Pedestrian -1 -1 -1.89 291.80 634.86 372.47 768.83 1.52 0.69 0.71 -5.20 1.30 13.62 -2.25
392 8 Pedestrian -1 -1 -1.80 373.11 603.94 458.13 761.50 1.88 0.81 0.84 -4.38 1.12 14.22 -2.10
393 9 Car -1 -1 1.72 747.95 603.28 833.00 661.47 1.53 1.95 4.44 0.85 1.21 34.70 1.74
393 7 Pedestrian -1 -1 -1.87 280.01 635.75 361.26 771.99 1.52 0.69 0.71 -5.25 1.30 13.41 -2.24
393 8 Pedestrian -1 -1 -1.77 362.75 604.09 447.60 764.50 1.88 0.81 0.84 -4.44 1.12 13.98 -2.08
394 9 Car -1 -1 1.77 738.30 612.24 833.39 673.50 1.53 1.95 4.44 0.69 1.48 33.75 1.79
394 7 Pedestrian -1 -1 -1.84 267.87 636.68 349.66 775.25 1.52 0.69 0.71 -5.31 1.31 13.20 -2.23
394 8 Pedestrian -1 -1 -1.74 352.08 604.26 436.66 767.58 1.88 0.81 0.84 -4.49 1.12 13.74 -2.05
395 9 Car -1 -1 1.67 741.02 601.84 823.43 662.50 1.53 1.95 4.44 0.57 1.15 33.23 1.69
395 7 Pedestrian -1 -1 -1.82 255.36 637.63 337.67 778.62 1.52 0.69 0.71 -5.36 1.31 12.99 -2.21
395 8 Pedestrian -1 -1 -1.71 341.07 604.45 425.30 770.76 1.88 0.81 0.84 -4.55 1.11 13.50 -2.03
396 9 Car -1 -1 1.72 737.17 601.87 827.04 662.65 1.53 1.95 4.44 0.57 1.15 33.22 1.74
396 7 Pedestrian -1 -1 -1.80 242.47 638.61 325.25 782.10 1.52 0.69 0.71 -5.42 1.31 12.78 -2.20
396 8 Pedestrian -1 -1 -1.68 329.70 604.66 413.48 774.03 1.88 0.81 0.84 -4.60 1.11 13.26 -2.01
397 9 Car -1 -1 1.78 725.90 602.14 828.81 665.30 1.53 1.95 4.61 0.44 1.16 32.44 1.79
397 7 Pedestrian -1 -1 -1.30 210.07 641.09 298.10 790.99 1.52 0.69 0.71 -5.45 1.31 12.15 -1.72
397 8 Pedestrian -1 -1 -1.57 315.40 605.17 394.09 777.69 1.88 0.81 0.84 -4.70 1.11 13.01 -1.92
398 9 Car -1 -1 1.74 721.17 603.22 816.67 667.09 1.53 1.95 4.44 0.19 1.17 31.82 1.74
398 7 Pedestrian -1 -1 -1.75 215.43 640.67 299.09 789.43 1.52 0.69 0.71 -5.53 1.32 12.36 -2.17
398 8 Pedestrian -1 -1 -1.61 305.80 605.14 388.40 780.92 1.88 0.81 0.84 -4.72 1.11 12.78 -1.97
399 9 Car -1 -1 1.74 721.17 603.22 816.67 667.09 1.53 1.95 4.44 0.19 1.17 31.82 1.74
399 7 Pedestrian -1 -1 -1.73 201.25 641.75 285.28 793.29 1.52 0.69 0.71 -5.59 1.32 12.15 -2.16
399 8 Pedestrian -1 -1 -1.58 291.49 605.20 375.07 784.53 1.88 0.81 0.84 -4.77 1.10 12.54 -1.94
400 9 Car -1 -1 1.74 713.14 604.14 812.22 670.14 1.53 1.95 4.44 0.02 1.19 30.93 1.74
400 7 Pedestrian -1 -1 -1.69 187.26 639.85 271.11 795.53 1.52 0.69 0.71 -5.63 1.30 11.91 -2.13
400 8 Pedestrian -1 -1 -1.55 275.64 605.04 361.17 788.26 1.88 0.81 0.84 -4.83 1.10 12.31 -1.92
401 9 Car -1 -1 1.74 708.25 606.07 809.62 673.66 1.53 1.95 4.44 -0.08 1.24 30.38 1.74
401 7 Pedestrian -1 -1 -1.65 172.77 637.89 256.30 797.85 1.53 0.69 0.71 -5.67 1.27 11.68 -2.11
401 8 Pedestrian -1 -1 -1.52 259.15 604.89 348.58 792.13 1.88 0.81 0.84 -4.88 1.10 12.07 -1.90
402 9 Car -1 -1 1.74 708.25 606.07 809.62 673.66 1.53 1.95 4.44 -0.08 1.24 30.38 1.74
402 7 Pedestrian -1 -1 -1.62 157.74 635.85 240.84 800.24 1.54 0.69 0.71 -5.71 1.25 11.45 -2.08
402 8 Pedestrian -1 -1 -1.48 245.24 604.24 339.20 795.16 1.88 0.81 0.84 -4.91 1.09 11.85 -1.88
403 10 Car -1 -1 1.77 823.01 580.96 896.60 630.61 1.96 2.11 5.31 4.14 0.58 48.91 1.86
403 9 Car -1 -1 1.75 700.23 598.68 805.41 667.23 1.53 1.95 4.44 -0.23 1.02 29.52 1.74
403 7 Pedestrian -1 -1 -1.58 140.49 633.75 224.67 802.71 1.55 0.69 0.71 -5.75 1.22 11.21 -2.05
403 8 Pedestrian -1 -1 -1.45 230.82 603.58 329.46 798.27 1.88 0.81 0.84 -4.95 1.08 11.64 -1.85
404 10 Car -1 -1 1.74 818.87 581.13 888.92 630.55 1.92 2.11 5.31 3.84 0.58 48.33 1.82
404 9 Car -1 -1 1.75 694.38 597.57 802.13 667.31 1.53 1.95 4.44 -0.34 0.99 28.99 1.74
404 7 Pedestrian -1 -1 -1.54 120.98 631.57 207.75 805.27 1.56 0.69 0.71 -5.79 1.20 10.98 -2.03
404 8 Pedestrian -1 -1 -1.42 215.87 602.92 319.34 801.48 1.88 0.81 0.84 -4.98 1.08 11.43 -1.83
405 10 Car -1 -1 1.75 820.33 579.26 892.23 628.39 1.92 2.11 5.31 3.95 0.49 48.43 1.83
405 9 Car -1 -1 1.75 694.38 597.57 802.13 667.31 1.53 1.95 4.44 -0.34 0.99 28.99 1.74
405 7 Pedestrian -1 -1 -1.50 100.61 629.30 193.10 807.92 1.56 0.69 0.71 -5.83 1.17 10.74 -2.00
405 8 Pedestrian -1 -1 -1.38 200.37 602.24 308.83 804.78 1.88 0.81 0.84 -5.02 1.07 11.21 -1.80
406 10 Car -1 -1 1.83 811.04 574.83 893.21 624.77 1.92 2.11 5.31 3.70 0.31 47.32 1.91
406 9 Car -1 -1 1.76 684.74 595.84 797.15 667.83 1.53 1.95 4.44 -0.50 0.94 28.05 1.74
406 7 Pedestrian -1 -1 -1.47 79.32 626.96 177.83 810.66 1.57 0.69 0.71 -5.87 1.15 10.51 -1.98
406 8 Pedestrian -1 -1 -1.35 184.27 601.56 297.89 808.19 1.88 0.81 0.84 -5.05 1.06 11.00 -1.78
407 10 Car -1 -1 1.80 805.92 575.78 886.02 626.78 1.92 2.11 5.31 3.38 0.36 46.45 1.87
407 9 Car -1 -1 1.77 675.76 595.94 791.16 669.27 1.53 1.95 4.44 -0.67 0.94 27.59 1.74
407 7 Pedestrian -1 -1 -1.43 57.04 624.52 161.86 813.51 1.58 0.69 0.71 -5.91 1.12 10.28 -1.95
407 8 Pedestrian -1 -1 -1.32 167.55 600.86 286.51 811.71 1.88 0.81 0.84 -5.08 1.05 10.79 -1.76
408 10 Car -1 -1 1.76 806.64 573.84 882.64 624.46 1.92 2.11 5.31 3.33 0.28 46.55 1.84
408 9 Car -1 -1 1.77 675.76 595.94 791.16 669.27 1.53 1.95 4.44 -0.67 0.94 27.59 1.74
408 7 Pedestrian -1 -1 -1.39 33.72 621.99 145.15 816.46 1.59 0.69 0.71 -5.95 1.10 10.04 -1.92
408 8 Pedestrian -1 -1 -1.28 150.16 600.16 274.65 815.34 1.88 0.81 0.84 -5.12 1.04 10.57 -1.73
409 10 Car -1 -1 1.78 800.40 575.23 879.51 626.91 1.92 2.11 5.31 3.09 0.35 45.79 1.85
409 9 Car -1 -1 1.77 665.04 600.36 785.69 677.27 1.53 1.95 4.44 -0.83 1.05 26.66 1.74
409 7 Pedestrian -1 -1 -1.35 7.80 623.13 125.92 822.67 1.59 0.69 0.71 -5.99 1.10 9.78 -1.90
409 8 Pedestrian -1 -1 -1.25 132.07 599.42 262.29 819.09 1.88 0.81 0.84 -5.15 1.04 10.36 -1.71
410 10 Car -1 -1 1.82 791.23 570.80 877.12 623.10 1.92 2.11 5.31 2.81 0.18 44.90 1.89
410 9 Car -1 -1 1.78 658.39 604.04 782.22 683.30 1.53 1.95 4.44 -0.92 1.13 26.14 1.74
410 8 Pedestrian -1 -1 -1.21 113.23 598.42 249.39 822.97 1.88 0.81 0.84 -5.19 1.03 10.15 -1.69
411 10 Car -1 -1 1.76 787.47 572.11 866.71 625.52 1.92 2.11 5.31 2.48 0.24 44.06 1.81
411 9 Car -1 -1 1.78 657.80 600.50 781.91 679.26 1.53 1.95 4.44 -0.93 1.05 26.10 1.74
411 8 Pedestrian -1 -1 -1.18 93.60 597.37 235.91 826.99 1.88 0.81 0.84 -5.22 1.02 9.93 -1.66
412 10 Car -1 -1 1.79 788.32 562.88 871.67 615.96 1.92 2.11 5.31 2.59 -0.11 44.00 1.85
412 9 Car -1 -1 1.78 647.76 601.36 776.79 682.88 1.53 1.95 4.44 -1.07 1.06 25.34 1.74
412 8 Pedestrian -1 -1 -1.14 70.87 597.36 220.42 833.40 1.88 0.81 0.84 -5.25 1.02 9.68 -1.64
413 10 Car -1 -1 1.69 783.69 573.45 855.68 627.55 1.92 2.11 5.31 2.17 0.31 43.57 1.74
413 9 Car -1 -1 1.74 644.24 592.78 767.92 674.66 1.53 1.95 4.44 -1.17 0.85 24.73 1.69
413 8 Pedestrian -1 -1 -1.10 46.89 597.34 204.07 840.62 1.88 0.81 0.84 -5.27 1.02 9.42 -1.61
414 10 Car -1 -1 1.75 776.86 574.73 857.47 630.27 1.92 2.11 5.31 2.04 0.37 42.70 1.79
414 9 Car -1 -1 1.80 628.32 593.51 767.41 678.77 1.53 1.95 4.44 -1.30 0.87 23.93 1.74
414 8 Pedestrian -1 -1 -1.07 21.58 597.33 186.80 848.63 1.88 0.81 0.84 -5.30 1.03 9.16 -1.59
415 10 Car -1 -1 1.69 781.89 585.26 855.42 642.04 1.92 2.11 5.31 2.09 0.79 42.72 1.74
415 9 Car -1 -1 1.80 627.98 593.56 767.47 679.09 1.53 1.95 4.44 -1.29 0.87 23.86 1.74
416 10 Car -1 -1 1.70 774.86 579.06 850.43 636.12 1.92 2.11 5.31 1.83 0.55 41.96 1.74
416 9 Car -1 -1 1.80 621.11 596.47 764.60 684.75 1.53 1.95 4.44 -1.36 0.93 23.34 1.74
417 10 Car -1 -1 1.60 768.15 579.37 832.10 637.88 1.92 2.11 5.31 1.33 0.57 41.05 1.64
417 9 Car -1 -1 1.81 609.36 597.40 759.80 689.62 1.53 1.95 4.44 -1.46 0.95 22.48 1.74
418 10 Car -1 -1 1.70 770.19 579.33 848.46 638.28 1.92 2.11 5.31 1.66 0.57 40.72 1.74
418 9 Car -1 -1 1.76 610.84 597.62 752.77 690.66 1.53 1.95 4.44 -1.51 0.95 22.27 1.69
419 10 Car -1 -1 1.76 759.76 581.44 846.79 641.45 1.92 2.11 5.31 1.44 0.66 40.31 1.79
419 9 Car -1 -1 1.76 607.78 599.70 751.48 694.20 1.53 1.95 4.44 -1.53 1.00 22.06 1.69
420 10 Car -1 -1 1.76 753.08 583.18 842.68 644.85 1.92 2.11 5.31 1.23 0.73 39.44 1.79
420 9 Car -1 -1 1.77 596.35 600.69 746.86 699.26 1.53 1.95 4.44 -1.62 1.01 21.28 1.69
421 10 Car -1 -1 1.77 748.35 583.38 839.77 646.09 1.92 2.11 5.31 1.08 0.74 38.85 1.79
421 9 Car -1 -1 1.77 590.51 601.17 744.45 701.77 1.53 1.95 4.44 -1.66 1.02 20.92 1.69
422 10 Car -1 -1 1.77 746.27 588.90 838.30 652.69 1.92 2.11 5.31 1.02 0.94 38.69 1.79
422 9 Car -1 -1 1.77 586.24 603.82 742.70 706.46 1.53 1.95 4.44 -1.69 1.07 20.66 1.69
423 10 Car -1 -1 1.72 745.16 584.46 832.29 649.21 1.92 2.11 5.31 0.87 0.78 37.74 1.74
423 9 Car -1 -1 1.78 570.54 606.33 736.06 714.56 1.53 1.95 4.44 -1.80 1.11 19.82 1.69
424 10 Car -1 -1 1.72 739.07 578.30 828.25 643.23 1.92 2.11 5.31 0.70 0.57 37.15 1.74
424 9 Car -1 -1 1.78 563.06 606.83 732.24 717.00 1.53 1.95 4.44 -1.87 1.11 19.53 1.69
425 10 Car -1 -1 1.72 739.13 584.70 828.30 650.59 1.92 2.11 5.31 0.70 0.80 37.16 1.74
425 9 Car -1 -1 1.79 559.05 607.71 730.63 719.44 1.53 1.95 4.44 -1.89 1.13 19.32 1.69
426 10 Car -1 -1 1.78 727.00 582.48 827.45 650.12 1.92 2.11 5.31 0.49 0.73 36.15 1.79
426 9 Car -1 -1 1.80 542.87 609.38 725.43 727.91 1.53 1.95 4.44 -1.96 1.14 18.41 1.69
427 10 Car -1 -1 1.73 727.05 578.61 821.66 646.85 1.92 2.11 5.31 0.39 0.60 35.50 1.74
427 9 Car -1 -1 1.80 533.37 612.20 721.75 734.70 1.53 1.95 4.44 -2.01 1.18 17.99 1.69
428 10 Car -1 -1 1.73 727.05 578.61 821.66 646.85 1.92 2.11 5.31 0.39 0.60 35.50 1.74
428 9 Car -1 -1 1.80 533.37 612.20 721.75 734.70 1.53 1.95 4.44 -2.01 1.18 17.99 1.69
429 10 Car -1 -1 1.74 717.86 576.34 816.06 646.22 1.92 2.11 5.31 0.16 0.54 34.57 1.74
429 9 Car -1 -1 1.81 516.08 605.91 714.90 732.21 1.53 1.95 4.44 -2.10 1.06 17.30 1.69
430 10 Car -1 -1 1.74 712.56 576.47 813.33 647.91 1.92 2.11 5.31 0.04 0.55 33.89 1.74
430 9 Car -1 -1 1.82 499.09 606.63 708.78 739.01 1.53 1.95 4.44 -2.17 1.07 16.63 1.69
431 10 Car -1 -1 1.74 712.56 576.47 813.33 647.91 1.92 2.11 5.31 0.04 0.55 33.89 1.74
431 9 Car -1 -1 1.82 499.09 606.63 708.78 739.01 1.53 1.95 4.44 -2.17 1.07 16.63 1.69
432 10 Car -1 -1 1.75 704.48 573.53 809.00 646.65 1.92 2.11 5.31 -0.13 0.47 32.96 1.74
432 9 Car -1 -1 1.83 475.91 615.29 701.30 759.09 1.53 1.95 4.44 -2.24 1.19 15.76 1.69
433 10 Car -1 -1 1.75 698.66 575.95 806.19 651.31 1.92 2.11 5.31 -0.25 0.56 32.24 1.74
433 9 Car -1 -1 1.84 465.68 615.53 697.23 762.57 1.53 1.95 4.44 -2.29 1.19 15.47 1.69
434 10 Car -1 -1 1.75 698.00 574.24 805.62 649.28 1.92 2.11 5.31 -0.27 0.50 32.24 1.74
434 9 Car -1 -1 1.84 463.57 615.70 696.48 763.52 1.53 1.95 4.44 -2.30 1.19 15.41 1.69
435 10 Car -1 -1 1.70 695.52 582.06 797.86 660.83 1.92 2.11 5.31 -0.40 0.75 31.30 1.69
435 9 Car -1 -1 1.85 432.90 613.42 688.23 773.05 1.53 1.95 4.44 -2.35 1.14 14.37 1.69
436 10 Car -1 -1 1.76 684.96 569.13 799.68 647.55 1.92 2.11 5.31 -0.50 0.38 30.65 1.74
436 9 Car -1 -1 1.81 428.98 614.12 675.95 777.28 1.53 1.95 4.44 -2.40 1.14 14.08 1.64
437 10 Car -1 -1 1.76 681.11 574.91 796.34 654.31 1.92 2.11 5.31 -0.59 0.55 30.67 1.74
437 9 Car -1 -1 1.81 428.98 614.12 675.95 777.28 1.53 1.95 4.44 -2.40 1.14 14.08 1.64
438 10 Car -1 -1 1.77 671.36 576.50 791.64 659.14 1.92 2.11 5.31 -0.75 0.61 29.67 1.74
438 9 Car -1 -1 1.82 403.13 619.76 668.50 795.51 1.53 1.95 4.44 -2.45 1.20 13.38 1.64
439 10 Car -1 -1 1.77 668.26 578.31 791.33 663.20 1.92 2.11 5.31 -0.78 0.66 29.07 1.74
439 9 Car -1 -1 1.83 376.74 621.77 660.46 808.44 1.53 1.95 4.44 -2.50 1.21 12.78 1.64
440 10 Car -1 -1 1.77 668.26 578.31 791.33 663.20 1.92 2.11 5.31 -0.78 0.66 29.07 1.74
440 9 Car -1 -1 1.83 376.74 621.77 660.46 808.44 1.53 1.95 4.44 -2.50 1.21 12.78 1.64
441 10 Car -1 -1 1.78 657.04 593.16 785.90 684.42 1.92 2.11 5.31 -0.94 1.07 28.08 1.74
441 9 Car -1 -1 1.85 340.08 624.80 650.89 828.05 1.53 1.95 4.44 -2.55 1.23 11.98 1.64
442 10 Car -1 -1 1.78 651.69 593.57 783.71 686.88 1.92 2.11 5.31 -1.01 1.08 27.55 1.74
442 9 Car -1 -1 1.86 317.56 628.23 645.11 842.42 1.53 1.95 4.44 -2.58 1.26 11.56 1.64
443 10 Car -1 -1 1.78 643.29 584.71 781.05 679.81 1.92 2.11 5.31 -1.09 0.86 26.60 1.74
443 9 Car -1 -1 1.86 317.50 625.58 645.08 838.52 1.53 1.95 4.44 -2.58 1.23 11.56 1.64
444 10 Car -1 -1 1.78 641.94 584.73 780.08 679.97 1.92 2.11 5.31 -1.12 0.86 26.56 1.74
444 9 Car -1 -1 1.88 269.80 629.24 635.28 865.76 1.53 1.95 4.44 -2.60 1.24 10.70 1.64
445 10 Car -1 -1 1.79 635.94 588.27 777.93 686.68 1.92 2.11 5.31 -1.18 0.95 25.98 1.74
445 9 Car -1 -1 1.89 239.15 631.30 628.11 881.84 1.53 1.95 4.44 -2.63 1.25 10.26 1.64
446 10 Car -1 -1 1.75 628.46 585.25 768.46 687.44 1.92 2.11 5.31 -1.31 0.88 24.93 1.70
446 9 Car -1 -1 1.89 240.99 629.83 629.35 879.59 1.53 1.95 4.44 -2.61 1.23 10.26 1.64
447 10 Car -1 -1 1.79 627.34 585.21 776.28 687.53 1.92 2.11 5.31 -1.23 0.88 24.94 1.74
447 9 Car -1 -1 1.91 177.45 633.79 615.27 912.81 1.53 1.95 4.44 -2.66 1.25 9.49 1.64
448 10 Car -1 -1 1.78 615.38 579.67 770.82 688.73 1.92 2.11 5.31 -1.38 0.81 24.37 1.73
448 9 Car -1 -1 1.90 147.00 627.71 614.84 922.41 1.53 1.95 4.59 -2.61 1.18 9.09 1.62
449 10 Car -1 -1 1.75 610.08 593.46 760.16 705.16 1.92 2.11 5.31 -1.49 1.07 23.41 1.69
449 9 Car -1 -1 1.92 143.70 634.98 610.61 931.69 1.53 1.95 4.44 -2.66 1.25 9.07 1.64
450 10 Car -1 -1 1.76 601.78 581.85 756.91 693.70 1.92 2.11 5.31 -1.56 0.81 22.84 1.69
450 9 Car -1 -1 1.96 40.55 639.22 591.70 984.75 1.53 1.95 4.44 -2.70 1.25 8.17 1.64
451 10 Car -1 -1 1.76 597.00 581.73 755.07 695.35 1.92 2.11 5.31 -1.59 0.81 22.52 1.69
451 9 Car -1 -1 1.97 1.39 641.15 584.76 1005.39 1.53 1.95 4.44 -2.72 1.25 7.89 1.64
452 10 Car -1 -1 1.77 586.41 582.05 751.03 699.76 1.92 2.11 5.31 -1.67 0.83 21.85 1.69
452 9 Car -1 -1 1.97 3.58 639.44 586.06 1002.42 1.53 1.95 4.44 -2.71 1.24 7.89 1.64
453 10 Car -1 -1 1.77 577.24 582.34 747.65 703.66 1.92 2.11 5.31 -1.74 0.84 21.29 1.69
454 10 Car -1 -1 1.77 577.27 584.34 747.67 706.22 1.92 2.11 5.31 -1.74 0.88 21.29 1.69
455 10 Car -1 -1 1.78 564.19 584.93 744.88 713.86 1.92 2.11 5.31 -1.78 0.90 20.30 1.69
456 10 Car -1 -1 1.78 550.90 585.40 740.19 719.69 1.92 2.11 5.31 -1.86 0.91 19.62 1.69
457 10 Car -1 -1 1.78 550.91 585.65 740.20 720.03 1.92 2.11 5.31 -1.86 0.91 19.62 1.69
458 10 Car -1 -1 1.79 532.85 591.24 733.89 734.49 1.92 2.11 5.31 -1.96 1.02 18.78 1.69
459 10 Car -1 -1 1.80 520.81 587.61 730.38 734.95 1.92 2.11 5.31 -2.01 0.96 18.20 1.69
460 10 Car -1 -1 1.80 520.90 593.09 730.43 742.27 1.92 2.11 5.31 -2.00 1.06 18.21 1.69
461 10 Car -1 -1 1.81 499.77 593.86 724.37 752.71 1.92 2.11 5.31 -2.08 1.07 17.29 1.69
462 10 Car -1 -1 1.81 489.83 594.45 722.79 759.12 1.92 2.11 5.31 -2.09 1.08 16.79 1.69
463 10 Car -1 -1 1.82 479.80 594.90 719.72 763.94 1.92 2.11 5.31 -2.13 1.08 16.45 1.69
464 10 Car -1 -1 1.83 462.71 598.79 716.36 778.33 1.92 2.11 5.31 -2.16 1.14 15.76 1.69
465 10 Car -1 -1 1.84 436.27 585.36 712.61 776.76 1.92 2.11 5.31 -2.25 1.00 15.22 1.69
466 10 Car -1 -1 1.78 457.88 602.62 707.17 793.13 1.92 2.11 5.31 -2.14 1.20 15.06 1.64
467 10 Car -1 -1 1.85 413.52 596.56 704.28 798.09 1.92 2.11 5.31 -2.27 1.10 14.28 1.69
468 10 Car -1 -1 1.81 402.54 597.38 689.18 807.76 1.92 2.11 5.31 -2.33 1.11 13.76 1.64
469 10 Car -1 -1 1.81 397.90 597.37 685.52 807.22 1.92 2.11 5.31 -2.39 1.11 13.79 1.64
470 10 Car -1 -1 1.83 356.15 596.60 675.47 825.67 1.92 2.11 5.31 -2.46 1.09 12.84 1.64
471 10 Car -1 -1 1.84 329.67 597.30 669.63 839.47 1.92 2.11 5.31 -2.49 1.10 12.31 1.64
472 10 Car -1 -1 1.84 330.20 597.30 669.98 839.47 1.92 2.11 5.31 -2.49 1.10 12.31 1.64
473 10 Car -1 -1 1.86 282.96 600.39 659.60 866.62 1.92 2.11 5.31 -2.55 1.13 11.50 1.64
474 10 Car -1 -1 1.86 263.15 601.89 657.06 880.33 1.92 2.11 5.31 -2.54 1.15 11.14 1.64
475 10 Car -1 -1 1.87 237.79 572.64 659.56 864.67 1.92 2.11 5.31 -2.63 0.92 11.15 1.64
476 10 Car -1 -1 1.89 185.59 601.00 649.14 924.74 1.92 2.11 5.31 -2.52 1.13 9.95 1.64
477 10 Car -1 -1 1.92 132.43 589.54 644.53 941.76 1.92 2.11 5.31 -2.67 1.11 9.78 1.65
478 10 Car -1 -1 1.91 148.10 602.05 631.35 931.49 1.92 2.11 5.31 -2.70 1.14 9.84 1.64
