65 192 Pedestrian -1 -1 -1.57 161.89 579.58 251.17 696.89 1.75 1.19 0.79 -8.19 1.12 16.58 -2.03
66 192 Pedestrian -1 -1 -1.57 159.91 579.71 249.58 697.46 1.75 1.19 0.79 -8.18 1.12 16.52 -2.03
67 192 Pedestrian -1 -1 -1.57 157.91 579.84 247.97 698.04 1.75 1.19 0.79 -8.18 1.12 16.46 -2.03
68 192 Pedestrian -1 -1 -1.57 155.90 579.97 246.36 698.62 1.75 1.19 0.79 -8.18 1.12 16.40 -2.03
69 192 Pedestrian -1 -1 -1.57 153.88 580.11 244.73 699.20 1.75 1.19 0.79 -8.18 1.12 16.34 -2.03
70 192 Pedestrian -1 -1 -1.57 151.81 580.24 243.06 699.79 1.75 1.19 0.79 -8.18 1.13 16.28 -2.03
71 192 Pedestrian -1 -1 -1.57 149.73 580.37 241.38 700.38 1.75 1.19 0.79 -8.17 1.13 16.23 -2.03
72 192 Pedestrian -1 -1 1.62 133.75 561.18 229.91 697.47 1.96 1.22 0.79 -8.30 0.94 16.10 1.14
73 192 Pedestrian -1 -1 -1.56 145.51 580.65 237.98 701.58 1.75 1.19 0.79 -8.17 1.13 16.11 -2.03
74 192 Pedestrian -1 -1 -1.56 143.38 580.78 236.27 702.19 1.75 1.19 0.79 -8.17 1.13 16.05 -2.03
75 192 Pedestrian -1 -1 -1.56 141.23 580.92 234.54 702.80 1.75 1.19 0.79 -8.17 1.13 15.99 -2.03
76 192 Pedestrian -1 -1 -1.56 141.32 580.95 234.40 703.48 1.75 1.19 0.80 -8.14 1.13 15.94 -2.03
77 192 Pedestrian -1 -1 -1.56 141.42 580.97 234.27 704.16 1.75 1.18 0.80 -8.12 1.13 15.89 -2.03
78 192 Pedestrian -1 -1 -1.56 141.52 581.00 234.13 704.85 1.76 1.17 0.81 -8.09 1.14 15.85 -2.03
79 192 Pedestrian -1 -1 -1.56 141.61 581.03 233.99 705.54 1.76 1.17 0.82 -8.07 1.14 15.80 -2.03
80 192 Pedestrian -1 -1 -1.56 141.71 581.05 233.85 706.24 1.77 1.16 0.82 -8.05 1.14 15.75 -2.03
81 192 Pedestrian -1 -1 -1.56 141.81 581.08 233.71 706.94 1.77 1.15 0.83 -8.02 1.14 15.70 -2.03
82 192 Pedestrian -1 -1 -1.56 141.91 581.10 233.57 707.64 1.77 1.14 0.83 -8.00 1.14 15.65 -2.03
83 192 Pedestrian -1 -1 -1.56 142.01 581.13 233.43 708.35 1.78 1.14 0.84 -7.97 1.14 15.61 -2.03
84 192 Pedestrian -1 -1 -1.56 142.11 581.16 233.29 709.07 1.78 1.13 0.84 -7.95 1.15 15.56 -2.03
85 192 Pedestrian -1 -1 -1.56 142.21 581.18 233.15 709.79 1.78 1.12 0.85 -7.93 1.15 15.51 -2.03
86 192 Pedestrian -1 -1 1.64 140.55 561.29 233.81 703.48 1.97 1.12 0.85 -7.90 0.96 15.46 1.17
87 192 Pedestrian -1 -1 -1.56 142.42 581.24 232.86 711.24 1.79 1.11 0.86 -7.88 1.15 15.41 -2.03
88 192 Pedestrian -1 -1 -1.56 142.52 581.27 232.71 711.98 1.80 1.10 0.87 -7.85 1.15 15.37 -2.03
89 192 Pedestrian -1 -1 -1.56 142.63 581.29 232.57 712.71 1.80 1.10 0.87 -7.83 1.15 15.32 -2.03
90 192 Pedestrian -1 -1 -1.56 142.73 581.32 232.42 713.46 1.80 1.09 0.88 -7.80 1.15 15.27 -2.03
91 192 Pedestrian -1 -1 -1.56 142.84 581.35 232.27 714.21 1.81 1.08 0.88 -7.78 1.16 15.22 -2.03
92 192 Pedestrian -1 -1 -1.56 142.95 581.38 232.12 714.96 1.81 1.08 0.89 -7.76 1.16 15.18 -2.03
93 192 Pedestrian -1 -1 -1.56 143.05 588.39 231.87 715.72 1.72 1.07 0.79 -7.71 1.21 15.08 -2.03
94 192 Pedestrian -1 -1 -1.56 142.83 588.22 231.97 716.01 1.72 1.07 0.79 -7.68 1.20 15.03 -2.03
95 192 Pedestrian -1 -1 -1.56 142.61 588.05 232.08 716.31 1.72 1.07 0.79 -7.66 1.20 14.98 -2.03
96 192 Pedestrian -1 -1 -1.56 142.39 587.88 232.18 716.60 1.72 1.07 0.79 -7.63 1.20 14.92 -2.03
97 192 Pedestrian -1 -1 -1.56 142.17 587.71 232.29 716.90 1.72 1.07 0.79 -7.61 1.19 14.87 -2.03
98 192 Pedestrian -1 -1 -1.56 141.94 587.54 232.39 717.21 1.72 1.07 0.79 -7.58 1.19 14.82 -2.03
99 192 Pedestrian -1 -1 -1.56 141.72 587.37 232.50 717.51 1.72 1.07 0.79 -7.55 1.19 14.77 -2.03
100 192 Pedestrian -1 -1 -1.56 141.49 587.20 232.61 717.82 1.72 1.07 0.79 -7.53 1.18 14.71 -2.03
101 192 Pedestrian -1 -1 -1.56 141.26 587.03 232.72 718.13 1.72 1.07 0.79 -7.50 1.18 14.66 -2.03
102 192 Pedestrian -1 -1 -1.56 141.03 586.85 232.83 718.44 1.72 1.07 0.79 -7.47 1.18 14.61 -2.03
103 192 Pedestrian -1 -1 -1.56 140.79 586.67 232.94 718.75 1.72 1.07 0.79 -7.45 1.17 14.55 -2.03
104 192 Pedestrian -1 -1 -1.56 140.56 586.50 233.05 719.07 1.72 1.07 0.79 -7.42 1.17 14.50 -2.03
105 192 Pedestrian -1 -1 -1.56 140.32 586.32 233.17 719.39 1.72 1.07 0.79 -7.39 1.17 14.45 -2.03
106 192 Pedestrian -1 -1 -1.56 140.08 586.14 233.28 719.71 1.72 1.07 0.79 -7.37 1.16 14.39 -2.03
107 192 Pedestrian -1 -1 -1.56 139.84 585.95 233.39 720.03 1.72 1.07 0.79 -7.34 1.16 14.34 -2.03
108 192 Pedestrian -1 -1 -1.56 139.60 585.77 233.51 720.35 1.72 1.07 0.79 -7.32 1.15 14.29 -2.03
109 192 Pedestrian -1 -1 -1.56 139.23 585.76 234.91 721.14 1.72 1.08 0.82 -7.27 1.15 14.22 -2.03
110 192 Pedestrian -1 -1 -1.56 138.87 585.76 236.33 721.93 1.72 1.10 0.84 -7.23 1.15 14.16 -2.03
111 192 Pedestrian -1 -1 -1.56 138.49 585.75 237.76 722.73 1.72 1.11 0.86 -7.19 1.15 14.10 -2.03
112 192 Pedestrian -1 -1 -1.56 138.12 585.74 239.21 723.54 1.72 1.13 0.88 -7.15 1.15 14.03 -2.03
113 192 Pedestrian -1 -1 -1.56 137.86 586.25 239.04 724.62 1.72 1.12 0.89 -7.13 1.16 13.98 -2.03
114 192 Pedestrian -1 -1 -1.56 137.59 586.76 238.87 725.71 1.72 1.12 0.89 -7.11 1.16 13.93 -2.03
115 192 Pedestrian -1 -1 -1.56 137.33 587.28 238.70 726.80 1.72 1.12 0.90 -7.08 1.17 13.88 -2.03
116 192 Pedestrian -1 -1 -1.56 137.06 587.80 238.52 727.91 1.72 1.11 0.90 -7.06 1.17 13.83 -2.03
117 192 Pedestrian -1 -1 -1.56 136.79 588.32 238.35 729.02 1.72 1.11 0.91 -7.04 1.18 13.78 -2.03
118 192 Pedestrian -1 -1 -1.56 136.52 588.85 238.17 730.14 1.72 1.11 0.91 -7.02 1.18 13.73 -2.03
119 192 Pedestrian -1 -1 -1.56 136.25 589.38 237.99 731.27 1.72 1.10 0.91 -6.99 1.19 13.68 -2.03
120 192 Pedestrian -1 -1 -1.56 135.97 589.91 237.81 732.41 1.72 1.10 0.92 -6.97 1.20 13.63 -2.03
121 192 Pedestrian -1 -1 -1.56 135.69 590.45 237.63 733.56 1.72 1.10 0.92 -6.95 1.20 13.58 -2.03
122 192 Pedestrian -1 -1 -1.56 135.41 590.99 237.45 734.72 1.72 1.09 0.93 -6.92 1.21 13.53 -2.03
123 192 Pedestrian -1 -1 -1.56 135.13 591.53 237.27 735.89 1.72 1.09 0.93 -6.90 1.21 13.48 -2.03
124 192 Pedestrian -1 -1 -1.56 134.85 592.08 237.08 737.06 1.72 1.09 0.94 -6.88 1.22 13.43 -2.03
125 192 Pedestrian -1 -1 -1.56 134.56 592.63 236.89 738.25 1.72 1.08 0.94 -6.85 1.22 13.38 -2.03
126 192 Pedestrian -1 -1 -1.56 134.27 593.19 236.70 739.45 1.72 1.08 0.95 -6.83 1.23 13.33 -2.03
127 192 Pedestrian -1 -1 -1.56 133.98 593.75 236.52 740.65 1.72 1.08 0.95 -6.81 1.24 13.28 -2.03
128 192 Pedestrian -1 -1 -1.56 133.69 594.31 236.32 741.87 1.72 1.07 0.96 -6.79 1.24 13.22 -2.03
129 192 Pedestrian -1 -1 -1.56 133.39 594.88 236.13 743.09 1.72 1.07 0.96 -6.76 1.25 13.17 -2.03
130 192 Pedestrian -1 -1 -1.56 133.67 594.80 236.85 744.15 1.72 1.07 0.96 -6.73 1.25 13.12 -2.03
131 192 Pedestrian -1 -1 -1.57 134.59 594.84 238.11 745.00 1.72 1.07 0.96 -6.69 1.25 13.07 -2.04
132 192 Pedestrian -1 -1 -1.57 135.52 594.87 239.38 745.86 1.73 1.07 0.96 -6.66 1.25 13.02 -2.05
133 192 Pedestrian -1 -1 -1.58 136.47 594.90 240.65 746.72 1.73 1.07 0.96 -6.63 1.25 12.98 -2.05
134 192 Pedestrian -1 -1 -1.59 137.42 594.92 241.93 747.59 1.73 1.07 0.96 -6.59 1.25 12.93 -2.06
135 192 Pedestrian -1 -1 -1.60 138.38 594.94 243.21 748.47 1.73 1.07 0.96 -6.56 1.25 12.88 -2.07
136 192 Pedestrian -1 -1 -1.60 139.35 594.96 244.50 749.36 1.74 1.07 0.96 -6.53 1.25 12.84 -2.07
137 192 Pedestrian -1 -1 -1.61 140.19 594.98 245.80 750.25 1.74 1.07 0.96 -6.49 1.25 12.79 -2.08
138 192 Pedestrian -1 -1 -1.62 140.50 595.00 247.10 751.14 1.74 1.07 0.96 -6.46 1.25 12.74 -2.09
139 192 Pedestrian -1 -1 -1.63 140.81 595.02 248.41 752.05 1.74 1.07 0.96 -6.43 1.25 12.70 -2.09
140 192 Pedestrian -1 -1 -1.63 141.12 595.04 249.73 752.96 1.75 1.07 0.96 -6.39 1.25 12.65 -2.10
141 192 Pedestrian -1 -1 -1.63 140.72 595.61 249.75 754.38 1.75 1.07 0.96 -6.37 1.26 12.60 -2.10
142 192 Pedestrian -1 -1 -1.63 140.32 596.18 249.77 755.82 1.75 1.07 0.96 -6.34 1.26 12.55 -2.10
143 192 Pedestrian -1 -1 1.68 136.25 580.82 251.41 759.97 1.92 1.09 0.96 -6.25 1.19 12.42 1.22
144 192 Pedestrian -1 -1 1.68 134.34 582.55 251.55 758.90 1.93 1.09 0.96 -6.24 1.19 12.37 1.21
145 192 Pedestrian -1 -1 1.68 133.23 582.00 250.67 759.98 1.94 1.09 0.96 -6.23 1.18 12.33 1.21
146 192 Pedestrian -1 -1 1.68 132.11 581.44 249.78 761.08 1.95 1.08 0.96 -6.21 1.18 12.28 1.21
147 192 Pedestrian -1 -1 1.68 130.98 580.88 248.88 762.19 1.96 1.08 0.96 -6.20 1.18 12.23 1.21
148 192 Pedestrian -1 -1 1.67 129.85 580.31 247.98 763.30 1.97 1.08 0.96 -6.19 1.18 12.18 1.20
149 192 Pedestrian -1 -1 1.67 128.70 579.74 247.07 764.42 1.98 1.08 0.96 -6.18 1.17 12.13 1.20
150 192 Pedestrian -1 -1 1.67 127.54 579.16 246.16 765.56 1.99 1.08 0.96 -6.16 1.17 12.09 1.20
151 192 Pedestrian -1 -1 1.67 126.38 578.58 245.23 766.70 2.00 1.07 0.96 -6.15 1.17 12.04 1.20
152 192 Pedestrian -1 -1 1.67 125.21 577.99 244.30 767.85 2.01 1.07 0.96 -6.14 1.17 11.99 1.20
153 192 Pedestrian -1 -1 1.67 124.02 577.40 243.37 769.01 2.02 1.07 0.96 -6.12 1.17 11.94 1.19
154 192 Pedestrian -1 -1 1.67 123.32 574.31 241.51 772.52 2.03 1.07 0.96 -6.11 1.16 11.90 1.19
155 192 Pedestrian -1 -1 -1.63 134.79 604.05 250.08 775.68 1.77 1.07 0.96 -6.04 1.34 11.88 -2.10
156 192 Pedestrian -1 -1 -1.62 122.01 604.75 238.08 778.31 1.77 1.07 0.96 -6.12 1.35 11.77 -2.10
157 192 Pedestrian -1 -1 -1.63 133.89 605.34 250.14 778.95 1.77 1.07 0.96 -5.99 1.36 11.78 -2.10
158 192 Pedestrian -1 -1 -1.63 133.43 605.99 250.16 780.61 1.77 1.07 0.96 -5.97 1.36 11.73 -2.10
159 192 Pedestrian -1 -1 -1.63 132.97 606.65 250.19 782.28 1.77 1.07 0.96 -5.94 1.37 11.68 -2.10
160 192 Pedestrian -1 -1 -1.62 132.13 606.47 251.18 780.33 1.74 1.08 1.02 -5.93 1.35 11.65 -2.09
161 192 Pedestrian -1 -1 -1.62 130.76 606.47 251.78 781.38 1.74 1.10 1.02 -5.91 1.35 11.59 -2.09
162 192 Pedestrian -1 -1 -1.62 129.37 606.46 252.39 782.45 1.75 1.11 1.01 -5.88 1.35 11.54 -2.09
163 192 Pedestrian -1 -1 -1.62 127.97 606.46 253.00 783.52 1.75 1.13 1.01 -5.86 1.35 11.48 -2.09
164 192 Pedestrian -1 -1 -1.61 126.17 606.45 253.62 784.61 1.75 1.15 1.01 -5.84 1.35 11.43 -2.09
165 192 Pedestrian -1 -1 -1.61 124.35 606.45 254.25 785.70 1.75 1.16 1.00 -5.81 1.34 11.37 -2.08
166 192 Pedestrian -1 -1 -1.61 122.52 606.45 254.88 786.81 1.75 1.18 1.00 -5.79 1.34 11.32 -2.08
167 192 Pedestrian -1 -1 -1.61 120.67 606.44 255.52 787.93 1.75 1.20 1.00 -5.76 1.34 11.26 -2.08
168 192 Pedestrian -1 -1 -1.60 118.79 606.44 256.16 789.06 1.75 1.21 0.99 -5.74 1.34 11.21 -2.08
169 192 Pedestrian -1 -1 -1.60 116.90 606.44 256.81 790.20 1.76 1.23 0.99 -5.72 1.34 11.15 -2.07
170 192 Pedestrian -1 -1 -1.60 114.99 606.43 257.47 791.35 1.76 1.24 0.99 -5.69 1.34 11.10 -2.07
171 192 Pedestrian -1 -1 -1.59 113.06 606.43 258.14 792.52 1.76 1.26 0.99 -5.67 1.34 11.04 -2.07
172 192 Pedestrian -1 -1 -1.59 111.11 606.43 258.81 793.69 1.76 1.28 0.98 -5.65 1.33 10.99 -2.07
173 192 Pedestrian -1 -1 -1.59 109.14 606.42 259.49 794.88 1.76 1.29 0.98 -5.62 1.33 10.93 -2.06
174 192 Pedestrian -1 -1 -1.59 107.15 606.42 260.18 796.09 1.76 1.31 0.98 -5.60 1.33 10.88 -2.06
175 192 Pedestrian -1 -1 -1.58 105.13 606.42 260.87 797.30 1.77 1.32 0.97 -5.57 1.33 10.82 -2.06
176 192 Pedestrian -1 -1 1.64 92.01 597.58 226.74 807.37 1.93 1.08 0.97 -5.71 1.33 10.68 1.15
177 192 Pedestrian -1 -1 -1.58 101.99 606.80 261.43 800.09 1.77 1.34 0.97 -5.52 1.33 10.71 -2.05
178 192 Pedestrian -1 -1 -1.58 100.86 607.18 261.28 801.67 1.77 1.34 0.97 -5.50 1.33 10.65 -2.05
179 192 Pedestrian -1 -1 -1.57 99.73 607.57 261.14 803.27 1.77 1.34 0.97 -5.47 1.33 10.59 -2.05
180 192 Pedestrian -1 -1 -1.57 98.57 607.97 260.98 804.89 1.77 1.34 0.97 -5.45 1.33 10.53 -2.05
181 192 Pedestrian -1 -1 -1.57 97.41 608.37 260.83 806.53 1.77 1.34 0.97 -5.42 1.34 10.47 -2.05
182 192 Pedestrian -1 -1 -1.57 96.23 608.77 260.68 808.19 1.77 1.34 0.97 -5.39 1.34 10.41 -2.04
183 192 Pedestrian -1 -1 -1.56 95.04 609.18 260.52 809.87 1.77 1.34 0.97 -5.37 1.34 10.35 -2.04
184 192 Pedestrian -1 -1 -1.56 93.83 609.59 260.36 811.57 1.77 1.34 0.97 -5.34 1.34 10.29 -2.04
185 192 Pedestrian -1 -1 -1.56 92.61 610.01 260.20 813.29 1.77 1.34 0.97 -5.32 1.34 10.23 -2.04
186 192 Pedestrian -1 -1 -1.55 91.38 610.43 260.03 815.03 1.77 1.34 0.97 -5.29 1.35 10.17 -2.03
187 192 Pedestrian -1 -1 -1.55 90.13 610.85 259.87 816.79 1.77 1.34 0.97 -5.26 1.35 10.12 -2.03
188 192 Pedestrian -1 -1 -1.55 88.86 611.29 259.70 818.58 1.77 1.34 0.97 -5.24 1.35 10.06 -2.03
189 192 Pedestrian -1 -1 -1.55 87.58 611.72 259.53 820.39 1.77 1.34 0.97 -5.21 1.35 10.00 -2.03
190 192 Pedestrian -1 -1 -1.54 86.29 612.16 259.35 822.22 1.77 1.34 0.97 -5.19 1.35 9.94 -2.02
191 192 Pedestrian -1 -1 -1.54 84.97 612.61 259.17 824.07 1.77 1.34 0.97 -5.16 1.35 9.88 -2.02
192 192 Pedestrian -1 -1 -1.54 83.64 613.06 258.99 825.95 1.77 1.34 0.97 -5.13 1.36 9.82 -2.02
193 192 Pedestrian -1 -1 -1.54 82.30 613.52 258.81 827.85 1.77 1.34 0.97 -5.11 1.36 9.76 -2.02
194 192 Pedestrian -1 -1 -1.53 80.94 616.03 258.59 829.78 1.75 1.34 0.97 -5.08 1.37 9.70 -2.02
195 192 Pedestrian -1 -1 -1.53 79.56 614.44 258.44 831.73 1.77 1.34 0.97 -5.05 1.36 9.64 -2.01
196 192 Pedestrian -1 -1 1.59 73.20 594.74 207.24 834.88 1.96 0.97 0.97 -5.25 1.26 9.48 1.08
197 192 Pedestrian -1 -1 -1.53 76.05 615.12 257.22 835.18 1.77 1.34 0.97 -5.02 1.36 9.53 -2.01
198 192 Pedestrian -1 -1 -1.53 73.91 615.32 256.18 836.67 1.77 1.34 0.97 -5.00 1.36 9.48 -2.01
199 192 Pedestrian -1 -1 -1.52 71.75 615.53 255.13 838.17 1.77 1.34 0.97 -4.99 1.36 9.43 -2.01
200 192 Pedestrian -1 -1 -1.52 69.56 615.74 254.07 839.69 1.77 1.34 0.97 -4.98 1.36 9.38 -2.01
201 192 Pedestrian -1 -1 -1.52 67.35 615.95 252.99 841.23 1.77 1.34 0.97 -4.96 1.36 9.33 -2.01
202 192 Pedestrian -1 -1 -1.52 65.12 616.16 251.91 842.78 1.77 1.34 0.97 -4.95 1.36 9.28 -2.01
203 192 Pedestrian -1 -1 -1.52 62.85 616.37 250.81 844.36 1.77 1.34 0.97 -4.94 1.36 9.23 -2.01
204 192 Pedestrian -1 -1 -1.52 60.56 616.59 249.70 845.95 1.77 1.34 0.97 -4.92 1.36 9.18 -2.01
205 192 Pedestrian -1 -1 -1.52 58.25 616.81 248.58 847.56 1.77 1.34 0.97 -4.91 1.36 9.13 -2.01
206 192 Pedestrian -1 -1 -1.52 55.91 617.03 247.45 849.19 1.77 1.34 0.97 -4.90 1.36 9.08 -2.01
207 192 Pedestrian -1 -1 -1.51 53.53 617.25 246.30 850.84 1.77 1.34 0.97 -4.89 1.36 9.03 -2.01
208 192 Pedestrian -1 -1 -1.51 51.13 617.48 245.15 852.51 1.77 1.34 0.97 -4.87 1.36 8.98 -2.01
209 192 Pedestrian -1 -1 -1.51 48.70 617.71 243.97 854.20 1.77 1.34 0.97 -4.86 1.36 8.93 -2.01
210 192 Pedestrian -1 -1 -1.51 46.25 617.94 242.79 855.91 1.77 1.34 0.97 -4.85 1.36 8.89 -2.01
211 192 Pedestrian -1 -1 -1.51 43.76 618.17 241.59 857.64 1.77 1.34 0.97 -4.83 1.36 8.84 -2.01
212 192 Pedestrian -1 -1 -1.51 41.24 618.40 240.38 859.39 1.77 1.34 0.97 -4.82 1.36 8.79 -2.01
213 192 Pedestrian -1 -1 -1.51 38.69 618.64 239.15 861.17 1.77 1.34 0.97 -4.81 1.36 8.74 -2.01
214 192 Pedestrian -1 -1 -1.51 36.10 618.88 237.91 862.96 1.77 1.34 0.97 -4.79 1.35 8.69 -2.01
215 192 Pedestrian -1 -1 -1.51 33.49 619.12 236.66 864.78 1.77 1.34 0.97 -4.78 1.35 8.64 -2.01
216 192 Pedestrian -1 -1 -1.50 32.40 617.47 234.01 867.37 1.79 1.31 0.97 -4.76 1.35 8.57 -2.00
217 192 Pedestrian -1 -1 -1.49 31.30 615.80 231.76 869.99 1.81 1.29 0.97 -4.73 1.34 8.50 -2.00
218 192 Pedestrian -1 -1 -1.48 30.18 614.09 229.48 872.67 1.83 1.26 0.97 -4.71 1.33 8.43 -1.99
219 192 Pedestrian -1 -1 -1.47 29.05 612.35 227.15 875.39 1.85 1.23 0.97 -4.69 1.32 8.37 -1.98
220 192 Pedestrian -1 -1 -1.46 27.90 610.59 224.77 878.16 1.87 1.20 0.97 -4.66 1.31 8.30 -1.97
221 192 Pedestrian -1 -1 -1.45 26.73 608.79 222.35 880.98 1.89 1.18 0.96 -4.64 1.31 8.23 -1.97
222 192 Pedestrian -1 -1 -1.45 25.55 606.96 219.89 883.85 1.91 1.15 0.96 -4.62 1.30 8.16 -1.96
223 192 Pedestrian -1 -1 -1.44 24.35 605.10 217.38 886.77 1.93 1.12 0.96 -4.59 1.29 8.09 -1.95
224 192 Pedestrian -1 -1 -1.43 23.12 603.21 214.82 889.74 1.95 1.09 0.96 -4.57 1.28 8.03 -1.95
225 192 Pedestrian -1 -1 -1.42 20.26 603.51 213.66 891.83 1.95 1.09 0.96 -4.56 1.28 7.98 -1.94
226 192 Pedestrian -1 -1 -1.42 18.66 603.84 213.58 893.97 1.95 1.09 0.96 -4.54 1.28 7.94 -1.94
227 192 Pedestrian -1 -1 -1.42 17.03 604.16 213.50 896.13 1.95 1.09 0.96 -4.52 1.29 7.89 -1.94
228 192 Pedestrian -1 -1 -1.42 15.39 604.49 213.42 898.32 1.95 1.09 0.96 -4.50 1.29 7.85 -1.94
229 192 Pedestrian -1 -1 -1.41 13.72 604.82 213.34 900.54 1.95 1.09 0.96 -4.47 1.29 7.80 -1.93
230 192 Pedestrian -1 -1 -1.41 12.04 605.16 213.26 902.79 1.95 1.09 0.96 -4.45 1.29 7.75 -1.93
231 192 Pedestrian -1 -1 -1.41 10.34 605.50 213.18 905.06 1.95 1.09 0.96 -4.43 1.29 7.71 -1.93
232 192 Pedestrian -1 -1 -1.40 8.61 605.84 213.09 907.37 1.95 1.09 0.96 -4.41 1.29 7.66 -1.93
233 192 Pedestrian -1 -1 -1.40 6.86 606.19 213.01 909.70 1.95 1.09 0.96 -4.39 1.29 7.62 -1.92
234 192 Pedestrian -1 -1 -1.41 5.89 606.61 212.07 912.50 1.95 1.09 0.96 -4.37 1.29 7.57 -1.93
235 192 Pedestrian -1 -1 -1.41 4.91 607.02 211.12 915.35 1.95 1.08 0.96 -4.35 1.29 7.52 -1.94
236 192 Pedestrian -1 -1 -1.42 3.91 607.45 210.16 918.23 1.95 1.08 0.96 -4.32 1.29 7.46 -1.94
237 192 Pedestrian -1 -1 -1.43 2.91 607.88 209.18 921.16 1.95 1.08 0.96 -4.30 1.30 7.41 -1.95
238 192 Pedestrian -1 -1 -1.43 1.89 608.31 208.19 924.12 1.95 1.07 0.95 -4.28 1.30 7.36 -1.96
239 192 Pedestrian -1 -1 -1.44 0.87 608.75 207.18 927.14 1.95 1.07 0.95 -4.25 1.30 7.31 -1.96
288 193 Pedestrian -1 -1 3.07 1180.83 623.33 1431.90 1025.51 1.68 0.99 1.00 2.77 1.17 5.30 -2.73
289 193 Pedestrian -1 -1 3.07 1170.70 622.47 1420.03 1022.85 1.68 0.99 1.00 2.73 1.16 5.32 -2.74
290 193 Pedestrian -1 -1 3.07 1160.62 621.61 1408.23 1020.21 1.68 0.99 1.00 2.68 1.16 5.33 -2.75
291 193 Pedestrian -1 -1 3.07 1150.58 620.76 1396.52 1017.58 1.68 0.99 1.00 2.64 1.16 5.35 -2.76
292 193 Pedestrian -1 -1 3.07 1140.59 619.91 1384.88 1014.97 1.68 0.99 1.00 2.59 1.15 5.36 -2.76
292 194 Pedestrian -1 -1 1.59 206.90 593.07 270.43 688.96 1.55 0.93 0.46 -8.22 1.26 17.72 1.15
293 193 Pedestrian -1 -1 3.07 1130.65 619.07 1373.32 1012.38 1.68 0.99 1.00 2.54 1.15 5.38 -2.77
293 194 Pedestrian -1 -1 1.59 206.71 593.05 270.42 689.21 1.55 0.93 0.46 -8.20 1.26 17.68 1.15
294 193 Pedestrian -1 -1 3.07 1122.08 618.21 1363.08 1009.51 1.68 0.99 1.00 2.51 1.14 5.40 -2.78
294 194 Pedestrian -1 -1 1.59 206.53 593.02 270.41 689.45 1.55 0.93 0.46 -8.18 1.26 17.63 1.15
295 193 Pedestrian -1 -1 3.07 1113.56 617.37 1352.92 1006.66 1.68 0.99 1.00 2.47 1.14 5.41 -2.79
295 194 Pedestrian -1 -1 1.59 206.34 593.00 270.41 689.69 1.55 0.93 0.46 -8.16 1.25 17.58 1.15
296 193 Pedestrian -1 -1 3.06 1105.10 616.52 1342.84 1003.84 1.68 0.99 1.00 2.43 1.14 5.43 -2.80
296 194 Pedestrian -1 -1 1.59 178.09 549.72 245.15 692.31 2.21 0.92 0.78 -8.34 0.88 17.06 1.14
297 193 Pedestrian -1 -1 3.07 1095.53 615.67 1331.59 1001.00 1.68 0.99 1.00 2.39 1.13 5.45 -2.80
297 194 Pedestrian -1 -1 1.52 146.26 519.29 225.39 655.74 2.12 1.08 0.46 -8.77 0.37 17.07 1.05
298 193 Pedestrian -1 -1 3.07 1086.02 614.82 1320.44 998.19 1.68 0.99 1.00 2.34 1.13 5.47 -2.81
298 194 Pedestrian -1 -1 1.53 150.15 523.34 229.10 659.91 2.12 1.08 0.46 -8.70 0.43 17.06 1.06
299 193 Pedestrian -1 -1 3.07 1076.58 613.98 1309.38 995.40 1.68 0.99 1.00 2.30 1.12 5.49 -2.82
299 194 Pedestrian -1 -1 1.53 154.04 527.40 232.82 664.08 2.12 1.08 0.46 -8.63 0.50 17.04 1.06
300 193 Pedestrian -1 -1 3.07 1067.20 613.14 1298.42 992.64 1.68 0.99 1.00 2.26 1.12 5.51 -2.82
300 194 Pedestrian -1 -1 1.54 157.95 531.46 236.54 668.26 2.12 1.08 0.46 -8.56 0.56 17.03 1.07
301 193 Pedestrian -1 -1 3.07 1057.88 612.31 1287.55 989.89 1.68 0.99 1.00 2.22 1.12 5.53 -2.83
301 194 Pedestrian -1 -1 1.54 161.85 535.53 240.28 672.45 2.12 1.08 0.46 -8.49 0.63 17.01 1.08
302 193 Pedestrian -1 -1 3.08 1048.62 611.48 1276.76 987.17 1.68 0.99 1.00 2.17 1.11 5.55 -2.83
302 194 Pedestrian -1 -1 1.55 165.61 539.61 244.01 676.65 2.12 1.08 0.46 -8.43 0.69 16.99 1.09
303 193 Pedestrian -1 -1 3.08 1039.42 610.65 1266.07 984.47 1.68 0.99 1.00 2.13 1.11 5.57 -2.84
303 194 Pedestrian -1 -1 1.55 169.38 543.70 247.76 680.85 2.12 1.08 0.46 -8.36 0.75 16.98 1.09
304 193 Pedestrian -1 -1 3.08 1030.29 609.84 1255.47 981.80 1.68 0.99 1.00 2.09 1.10 5.59 -2.84
304 194 Pedestrian -1 -1 1.57 182.14 557.93 260.03 694.77 2.12 1.08 0.46 -8.17 0.97 17.01 1.12
305 193 Pedestrian -1 -1 3.08 1021.21 609.02 1244.95 979.14 1.68 0.99 1.00 2.05 1.10 5.61 -2.85
305 194 Pedestrian -1 -1 1.57 181.44 556.96 259.53 694.13 2.12 1.08 0.46 -8.16 0.96 16.97 1.12
306 193 Pedestrian -1 -1 3.08 1012.19 608.21 1234.52 976.51 1.68 0.99 1.00 2.01 1.10 5.63 -2.86
306 194 Pedestrian -1 -1 1.57 181.69 555.82 258.39 694.20 2.12 1.08 0.46 -8.15 0.94 16.93 1.12
307 193 Pedestrian -1 -1 3.07 990.26 606.02 1209.61 988.49 1.77 0.99 1.00 1.89 1.13 5.67 -2.89
307 194 Pedestrian -1 -1 1.56 178.62 552.25 257.75 694.32 2.18 1.11 0.46 -8.16 0.91 16.89 1.11
308 193 Pedestrian -1 -1 3.05 1006.00 606.77 1227.80 971.53 1.68 0.99 1.00 1.97 1.09 5.66 -2.90
308 194 Pedestrian -1 -1 1.56 178.74 552.31 258.58 693.96 2.18 1.09 0.46 -8.13 0.91 16.85 1.11
309 193 Pedestrian -1 -1 3.05 997.93 605.99 1218.69 968.96 1.68 0.99 1.00 1.93 1.08 5.68 -2.91
309 194 Pedestrian -1 -1 1.57 179.73 552.67 258.74 694.16 2.17 1.08 0.46 -8.10 0.92 16.81 1.12
310 193 Pedestrian -1 -1 3.05 989.90 605.21 1209.64 966.42 1.68 0.99 1.00 1.89 1.08 5.70 -2.92
310 194 Pedestrian -1 -1 1.57 180.73 553.04 258.90 694.35 2.16 1.06 0.46 -8.07 0.92 16.77 1.12
311 193 Pedestrian -1 -1 3.05 981.92 604.43 1200.66 963.89 1.68 0.99 1.00 1.85 1.08 5.72 -2.92
311 194 Pedestrian -1 -1 1.57 181.72 553.41 259.07 694.55 2.15 1.05 0.46 -8.05 0.92 16.73 1.12
312 193 Pedestrian -1 -1 3.04 973.98 603.66 1191.74 961.38 1.68 0.99 1.00 1.81 1.07 5.73 -2.93
312 194 Pedestrian -1 -1 1.58 182.73 553.78 259.23 694.75 2.15 1.04 0.46 -8.02 0.92 16.69 1.13
313 193 Pedestrian -1 -1 3.05 965.64 604.26 1180.98 960.44 1.68 0.99 1.00 1.77 1.08 5.76 -2.94
313 194 Pedestrian -1 -1 1.58 183.73 554.15 259.40 694.95 2.14 1.02 0.46 -7.99 0.93 16.65 1.13
314 193 Pedestrian -1 -1 3.06 957.35 604.85 1170.31 959.51 1.68 0.99 1.00 1.73 1.08 5.78 -2.94
314 194 Pedestrian -1 -1 1.58 184.75 554.52 259.56 695.15 2.13 1.01 0.46 -7.96 0.93 16.62 1.13
315 193 Pedestrian -1 -1 3.06 948.46 605.44 1159.75 958.59 1.68 0.99 1.00 1.68 1.09 5.80 -2.94
315 194 Pedestrian -1 -1 1.58 185.76 554.89 259.73 695.35 2.13 1.00 0.46 -7.93 0.93 16.58 1.14
316 193 Pedestrian -1 -1 3.07 939.27 606.03 1149.27 957.68 1.68 0.99 1.00 1.64 1.09 5.83 -2.94
316 194 Pedestrian -1 -1 1.64 188.31 555.25 258.59 693.43 2.09 0.93 0.46 -7.90 0.92 16.53 1.19
317 193 Pedestrian -1 -1 3.07 930.16 606.61 1138.90 956.78 1.68 0.99 1.00 1.60 1.10 5.85 -2.94
317 194 Pedestrian -1 -1 1.63 188.95 555.63 259.10 694.16 2.09 0.93 0.46 -7.87 0.92 16.49 1.18
318 193 Pedestrian -1 -1 3.08 921.12 607.18 1128.61 955.88 1.68 0.99 1.00 1.56 1.10 5.87 -2.95
318 194 Pedestrian -1 -1 1.62 189.60 556.01 259.60 694.90 2.09 0.93 0.46 -7.84 0.93 16.46 1.17
319 193 Pedestrian -1 -1 3.08 912.15 607.76 1118.42 954.99 1.68 0.99 1.00 1.51 1.10 5.90 -2.95
319 194 Pedestrian -1 -1 1.61 190.26 556.39 260.11 695.64 2.09 0.93 0.46 -7.82 0.94 16.42 1.16
320 193 Pedestrian -1 -1 3.09 903.26 608.33 1108.32 954.11 1.68 0.99 1.00 1.47 1.11 5.92 -2.95
320 194 Pedestrian -1 -1 1.60 190.81 556.43 260.61 696.16 2.09 0.93 0.46 -7.79 0.94 16.38 1.16
321 193 Pedestrian -1 -1 3.10 894.43 608.89 1098.32 953.24 1.68 0.99 1.00 1.43 1.11 5.94 -2.95
321 194 Pedestrian -1 -1 1.59 191.54 557.62 261.38 696.78 2.08 0.93 0.49 -7.76 0.95 16.34 1.15
322 193 Pedestrian -1 -1 3.10 885.68 609.45 1088.39 952.37 1.68 0.99 1.00 1.38 1.12 5.97 -2.95
322 194 Pedestrian -1 -1 1.58 192.19 558.47 262.23 697.17 2.06 0.93 0.52 -7.74 0.95 16.31 1.14
323 193 Pedestrian -1 -1 3.11 876.11 610.24 1077.89 951.84 1.68 0.99 1.00 1.33 1.12 5.99 -2.96
323 194 Pedestrian -1 -1 1.57 192.87 559.32 263.10 697.57 2.05 0.93 0.55 -7.71 0.96 16.27 1.13
324 193 Pedestrian -1 -1 3.11 866.60 611.02 1067.46 951.32 1.68 0.99 1.00 1.28 1.13 6.01 -2.96
324 194 Pedestrian -1 -1 1.56 193.58 560.18 264.00 697.96 2.03 0.93 0.58 -7.68 0.97 16.23 1.12
325 193 Pedestrian -1 -1 3.12 857.16 611.80 1057.10 950.79 1.68 0.99 1.00 1.24 1.13 6.02 -2.97
325 194 Pedestrian -1 -1 1.55 194.32 561.04 264.91 698.36 2.02 0.93 0.61 -7.65 0.97 16.19 1.11
326 193 Pedestrian -1 -1 3.12 847.77 612.58 1046.83 950.28 1.68 0.99 1.00 1.19 1.14 6.04 -2.97
326 194 Pedestrian -1 -1 1.54 194.88 561.91 265.85 698.76 2.01 0.93 0.64 -7.63 0.98 16.15 1.10
327 193 Pedestrian -1 -1 3.12 838.44 613.35 1036.63 949.76 1.68 0.99 1.01 1.14 1.14 6.06 -2.97
327 194 Pedestrian -1 -1 1.53 195.18 562.79 266.82 699.17 1.99 0.93 0.67 -7.60 0.98 16.12 1.09
328 193 Pedestrian -1 -1 3.13 829.17 614.12 1026.50 949.25 1.68 0.99 1.01 1.09 1.15 6.08 -2.98
328 194 Pedestrian -1 -1 1.52 195.45 563.67 267.80 699.57 1.98 0.93 0.70 -7.57 0.99 16.08 1.08
329 193 Pedestrian -1 -1 3.13 819.95 614.88 1016.46 948.74 1.68 0.99 1.01 1.04 1.15 6.10 -2.98
329 194 Pedestrian -1 -1 1.51 195.72 564.56 268.81 699.97 1.96 0.93 0.73 -7.55 1.00 16.04 1.07
330 193 Pedestrian -1 -1 3.14 810.80 615.64 1006.48 948.23 1.68 0.99 1.01 0.99 1.16 6.12 -2.98
330 194 Pedestrian -1 -1 1.50 195.96 565.46 269.84 700.38 1.95 0.93 0.76 -7.52 1.00 16.00 1.06
331 193 Pedestrian -1 -1 -3.14 801.70 616.39 996.58 947.73 1.68 0.99 1.01 0.94 1.16 6.14 -2.99
331 194 Pedestrian -1 -1 1.49 196.19 566.36 270.90 700.79 1.94 0.93 0.79 -7.49 1.01 15.96 1.05
332 193 Pedestrian -1 -1 -3.14 792.65 617.14 986.75 947.23 1.68 0.99 1.01 0.89 1.17 6.16 -2.99
332 194 Pedestrian -1 -1 1.48 196.40 567.27 271.98 701.20 1.92 0.93 0.82 -7.46 1.01 15.93 1.04
333 193 Pedestrian -1 -1 -3.12 782.90 613.91 977.03 945.76 1.71 0.99 1.01 0.85 1.15 6.17 -2.98
333 194 Pedestrian -1 -1 1.47 196.79 567.69 272.85 702.73 1.91 0.93 0.85 -7.44 1.02 15.89 1.03
334 193 Pedestrian -1 -1 -3.11 774.32 619.21 967.94 947.19 1.67 0.99 1.01 0.80 1.18 6.18 -2.98
334 194 Pedestrian -1 -1 1.47 197.12 567.49 273.92 702.26 1.92 0.93 0.85 -7.41 1.02 15.84 1.03
335 193 Pedestrian -1 -1 -3.09 765.23 620.24 958.58 947.17 1.66 0.99 1.01 0.76 1.19 6.20 -2.97
335 194 Pedestrian -1 -1 1.47 197.64 566.79 274.76 702.92 1.94 0.93 0.85 -7.38 1.01 15.80 1.03
336 193 Pedestrian -1 -1 -3.08 756.20 621.26 949.24 947.15 1.66 0.99 1.02 0.72 1.19 6.21 -2.96
336 194 Pedestrian -1 -1 1.46 198.17 566.09 275.61 703.58 1.95 0.93 0.85 -7.35 1.01 15.76 1.03
337 193 Pedestrian -1 -1 -3.06 747.23 622.28 939.92 947.13 1.65 0.99 1.02 0.67 1.20 6.22 -2.96
337 194 Pedestrian -1 -1 1.46 198.71 565.38 276.46 704.25 1.96 0.93 0.85 -7.32 1.01 15.71 1.03
338 193 Pedestrian -1 -1 -3.05 738.31 623.29 932.09 947.11 1.65 0.99 1.02 0.63 1.20 6.23 -2.95
338 194 Pedestrian -1 -1 1.46 199.24 564.67 277.32 704.92 1.98 0.93 0.85 -7.28 1.00 15.67 1.03
339 193 Pedestrian -1 -1 -3.04 729.45 624.30 925.26 947.08 1.65 0.99 1.02 0.58 1.21 6.24 -2.94
339 194 Pedestrian -1 -1 1.46 199.78 563.96 278.18 705.59 1.99 0.93 0.85 -7.25 1.00 15.63 1.02
340 193 Pedestrian -1 -1 -3.02 720.64 625.31 918.45 947.06 1.64 0.99 1.03 0.54 1.21 6.25 -2.94
340 194 Pedestrian -1 -1 1.46 200.33 563.24 279.04 706.27 2.01 0.93 0.85 -7.22 1.00 15.58 1.02
341 193 Pedestrian -1 -1 -3.01 711.88 626.31 911.65 947.04 1.64 0.99 1.03 0.49 1.22 6.27 -2.93
341 194 Pedestrian -1 -1 1.46 200.87 562.52 279.91 706.95 2.02 0.93 0.85 -7.19 0.99 15.54 1.02
342 193 Pedestrian -1 -1 -2.99 703.18 627.31 904.87 947.01 1.63 0.99 1.03 0.45 1.22 6.28 -2.92
342 194 Pedestrian -1 -1 1.45 201.42 561.79 280.79 707.63 2.03 0.93 0.85 -7.16 0.99 15.49 1.02
343 193 Pedestrian -1 -1 -2.98 694.53 628.30 898.09 946.99 1.63 0.99 1.03 0.40 1.23 6.29 -2.92
343 194 Pedestrian -1 -1 1.45 201.97 561.06 281.67 708.32 2.05 0.93 0.85 -7.13 0.99 15.45 1.02
344 193 Pedestrian -1 -1 -3.03 689.84 628.22 888.17 945.48 1.64 0.99 1.04 0.36 1.23 6.31 -2.97
344 194 Pedestrian -1 -1 1.45 202.53 560.32 282.55 709.01 2.06 0.93 0.85 -7.10 0.99 15.41 1.02
345 193 Pedestrian -1 -1 -3.01 681.19 628.01 882.91 945.56 1.64 0.99 1.05 0.32 1.23 6.32 -2.96
345 194 Pedestrian -1 -1 1.45 203.09 559.58 283.44 709.71 2.07 0.93 0.85 -7.07 0.98 15.36 1.02
346 193 Pedestrian -1 -1 -3.00 672.63 627.79 877.65 945.63 1.64 0.99 1.07 0.28 1.23 6.34 -2.95
346 194 Pedestrian -1 -1 1.45 203.65 558.83 284.34 710.41 2.09 0.93 0.85 -7.04 0.98 15.32 1.01
347 193 Pedestrian -1 -1 -2.98 664.14 627.58 872.41 945.71 1.65 0.99 1.08 0.24 1.24 6.36 -2.94
347 194 Pedestrian -1 -1 1.44 204.22 558.08 285.24 711.12 2.10 0.93 0.85 -7.01 0.98 15.28 1.01
348 193 Pedestrian -1 -1 -2.97 655.74 627.36 867.17 945.79 1.65 0.99 1.09 0.20 1.24 6.37 -2.93
348 194 Pedestrian -1 -1 1.44 204.10 555.21 285.73 712.17 2.14 0.93 0.85 -6.97 0.96 15.19 1.01
349 193 Pedestrian -1 -1 -2.95 647.41 627.15 861.94 945.87 1.66 0.99 1.10 0.16 1.24 6.39 -2.92
349 194 Pedestrian -1 -1 1.44 205.02 555.51 286.85 712.71 2.14 0.93 0.85 -6.94 0.96 15.17 1.01
350 193 Pedestrian -1 -1 -2.93 639.16 626.94 856.71 945.96 1.66 0.99 1.11 0.12 1.24 6.41 -2.92
350 194 Pedestrian -1 -1 1.44 205.93 555.81 287.96 713.26 2.14 0.93 0.85 -6.92 0.97 15.14 1.01
351 193 Pedestrian -1 -1 -2.93 632.03 626.97 850.87 945.76 1.67 0.99 1.11 0.08 1.24 6.42 -2.91
351 194 Pedestrian -1 -1 1.44 206.87 556.48 289.06 713.42 2.13 0.93 0.85 -6.89 0.97 15.12 1.01
352 193 Pedestrian -1 -1 -2.92 624.94 627.00 845.06 945.58 1.67 0.99 1.12 0.04 1.25 6.43 -2.91
352 194 Pedestrian -1 -1 1.43 207.81 557.16 290.16 713.58 2.12 0.93 0.85 -6.87 0.97 15.10 1.01
353 193 Pedestrian -1 -1 -2.91 617.89 627.03 839.26 945.39 1.67 0.99 1.12 0.00 1.25 6.45 -2.91
353 194 Pedestrian -1 -1 1.43 208.75 557.84 291.26 713.74 2.11 0.93 0.84 -6.84 0.98 15.08 1.01
354 193 Pedestrian -1 -1 -2.90 610.87 627.05 833.48 945.20 1.67 0.99 1.13 -0.04 1.25 6.46 -2.91
354 194 Pedestrian -1 -1 1.43 209.70 558.52 292.37 713.91 2.10 0.93 0.84 -6.82 0.98 15.05 1.00
355 193 Pedestrian -1 -1 -2.90 603.89 627.08 827.72 945.01 1.68 0.99 1.13 -0.07 1.25 6.47 -2.91
356 193 Pedestrian -1 -1 -2.89 596.95 627.11 821.99 944.83 1.68 0.99 1.14 -0.11 1.26 6.49 -2.91
357 193 Pedestrian -1 -1 -2.88 590.04 627.14 816.27 944.64 1.68 0.99 1.14 -0.15 1.26 6.50 -2.90
358 193 Pedestrian -1 -1 -2.74 564.75 620.59 802.79 937.29 1.68 0.99 1.15 -0.28 1.22 6.56 -2.78
359 193 Pedestrian -1 -1 -2.87 576.33 627.19 804.89 944.28 1.68 0.99 1.15 -0.23 1.26 6.53 -2.90
360 193 Pedestrian -1 -1 -2.86 569.52 627.22 799.22 944.10 1.69 0.99 1.16 -0.27 1.26 6.54 -2.90
361 193 Pedestrian -1 -1 -2.85 562.75 627.25 793.58 943.92 1.69 0.99 1.16 -0.31 1.27 6.55 -2.90
362 193 Pedestrian -1 -1 -2.84 556.01 627.28 787.96 943.74 1.69 0.99 1.17 -0.35 1.27 6.57 -2.90
363 193 Pedestrian -1 -1 -2.84 549.31 627.30 782.35 943.56 1.69 0.99 1.17 -0.38 1.27 6.58 -2.89
364 193 Pedestrian -1 -1 -2.83 542.64 627.33 776.76 943.39 1.70 0.99 1.18 -0.42 1.27 6.59 -2.89
364 194 Pedestrian -1 -1 1.55 216.34 560.70 292.91 709.11 1.99 0.92 0.81 -6.69 0.96 14.88 1.13
365 193 Pedestrian -1 -1 -2.81 524.38 602.33 754.20 925.80 1.79 0.99 1.14 -0.55 1.15 6.65 -2.89
365 194 Pedestrian -1 -1 1.41 220.34 566.15 304.71 715.72 1.99 0.93 0.81 -6.54 1.03 14.80 0.99
366 193 Pedestrian -1 -1 -2.72 514.94 599.26 757.79 936.47 1.85 0.99 1.19 -0.58 1.16 6.64 -2.81
366 194 Pedestrian -1 -1 1.37 222.57 570.72 310.32 715.12 1.85 0.93 0.85 -6.36 1.03 14.50 0.96
367 193 Pedestrian -1 -1 -2.81 522.84 627.41 760.11 942.86 1.70 0.99 1.19 -0.54 1.28 6.64 -2.89
367 194 Pedestrian -1 -1 1.14 229.81 588.11 326.44 717.11 1.68 0.93 0.85 -6.25 1.17 14.64 0.74
368 193 Pedestrian -1 -1 -2.80 516.30 627.43 754.59 942.69 1.70 0.99 1.19 -0.58 1.28 6.65 -2.89
368 194 Pedestrian -1 -1 1.14 230.78 587.72 327.68 717.03 1.68 0.93 0.85 -6.22 1.17 14.60 0.74
369 193 Pedestrian -1 -1 -2.79 509.80 627.46 749.10 942.52 1.71 0.99 1.20 -0.62 1.28 6.66 -2.88
369 194 Pedestrian -1 -1 1.14 231.76 587.33 328.92 716.94 1.68 0.93 0.85 -6.19 1.16 14.56 0.73
370 193 Pedestrian -1 -1 -3.02 488.37 618.79 730.95 926.92 1.71 0.99 1.20 -0.74 1.21 6.70 -3.13
370 194 Pedestrian -1 -1 1.13 232.74 586.94 330.17 716.86 1.68 0.93 0.85 -6.16 1.16 14.53 0.73
371 193 Pedestrian -1 -1 -2.75 474.02 594.84 714.70 935.78 1.91 0.98 1.20 -0.84 1.17 6.73 -2.88
371 194 Pedestrian -1 -1 1.32 228.90 569.95 322.29 716.68 1.87 0.94 0.85 -6.19 1.03 14.40 0.92
372 194 Pedestrian -1 -1 1.33 230.08 570.54 322.57 716.64 1.88 0.94 0.85 -6.16 1.03 14.36 0.93
373 194 Pedestrian -1 -1 1.34 230.86 570.34 323.38 717.24 1.88 0.95 0.85 -6.14 1.03 14.32 0.94
374 194 Pedestrian -1 -1 1.35 231.66 570.14 324.18 717.84 1.89 0.95 0.85 -6.11 1.03 14.29 0.95
375 194 Pedestrian -1 -1 1.36 232.46 569.93 324.99 718.44 1.89 0.95 0.85 -6.08 1.03 14.25 0.96
376 194 Pedestrian -1 -1 1.37 233.27 569.72 325.80 719.05 1.90 0.96 0.85 -6.06 1.03 14.22 0.97
377 194 Pedestrian -1 -1 1.38 234.08 569.52 326.62 719.65 1.91 0.96 0.85 -6.03 1.03 14.18 0.98
378 194 Pedestrian -1 -1 1.39 234.91 569.31 327.43 720.26 1.91 0.96 0.85 -6.01 1.03 14.14 0.99
379 194 Pedestrian -1 -1 1.40 235.74 569.09 328.24 720.87 1.92 0.97 0.85 -5.98 1.03 14.11 1.00
380 194 Pedestrian -1 -1 1.41 236.58 568.86 329.05 721.49 1.92 0.97 0.85 -5.95 1.03 14.07 1.01
381 193 Pedestrian -1 -1 -2.68 427.87 599.58 676.94 911.25 1.81 0.87 1.32 -1.15 1.15 6.93 -2.84
381 194 Pedestrian -1 -1 1.43 241.65 566.52 325.93 724.55 1.93 0.89 0.87 -5.92 1.03 14.03 1.03
382 193 Pedestrian -1 -1 -2.67 422.78 616.54 664.44 918.19 1.71 0.99 1.20 -1.20 1.22 6.91 -2.84
382 194 Pedestrian -1 -1 1.22 243.82 591.11 341.15 725.92 1.68 0.93 0.85 -5.81 1.20 14.05 0.83
383 193 Pedestrian -1 -1 -2.66 416.47 615.78 658.18 916.43 1.71 0.99 1.20 -1.24 1.22 6.93 -2.83
383 194 Pedestrian -1 -1 1.23 244.83 587.53 342.01 722.38 1.68 0.93 0.85 -5.79 1.15 14.01 0.84
384 193 Pedestrian -1 -1 -2.65 410.20 615.03 651.95 914.68 1.71 0.99 1.20 -1.29 1.21 6.95 -2.83
384 194 Pedestrian -1 -1 1.24 245.78 588.42 342.75 723.67 1.68 0.93 0.85 -5.76 1.16 13.98 0.85
385 193 Pedestrian -1 -1 -2.64 403.97 614.28 645.75 912.94 1.71 0.99 1.20 -1.33 1.21 6.97 -2.83
385 194 Pedestrian -1 -1 1.25 246.74 589.31 343.48 724.96 1.68 0.93 0.85 -5.74 1.17 13.94 0.86
386 193 Pedestrian -1 -1 -2.63 397.79 613.53 639.57 911.21 1.71 0.99 1.20 -1.38 1.20 6.98 -2.82
386 194 Pedestrian -1 -1 1.26 247.71 590.21 344.21 726.26 1.68 0.93 0.85 -5.71 1.19 13.91 0.87
387 193 Pedestrian -1 -1 -2.62 391.65 612.79 633.42 909.49 1.71 0.99 1.20 -1.42 1.20 7.00 -2.82
387 194 Pedestrian -1 -1 1.27 248.68 591.11 344.94 727.57 1.68 0.93 0.85 -5.69 1.20 13.88 0.88
388 193 Pedestrian -1 -1 -2.61 385.55 612.05 627.30 907.77 1.71 0.99 1.20 -1.47 1.20 7.02 -2.82
388 194 Pedestrian -1 -1 1.28 249.66 592.02 345.68 728.88 1.68 0.93 0.85 -5.66 1.21 13.85 0.89
389 193 Pedestrian -1 -1 -2.60 380.44 612.08 621.97 906.80 1.71 0.99 1.20 -1.51 1.20 7.05 -2.81
389 194 Pedestrian -1 -1 1.29 250.66 592.93 346.40 730.20 1.68 0.93 0.85 -5.64 1.22 13.81 0.90
390 193 Pedestrian -1 -1 -2.59 377.41 604.95 618.13 904.94 1.76 0.99 1.20 -1.54 1.17 7.09 -2.80
390 194 Pedestrian -1 -1 1.38 245.07 573.26 340.49 733.60 1.93 0.98 0.85 -5.68 1.10 13.73 0.98
391 193 Pedestrian -1 -1 -2.57 370.35 612.13 611.60 905.01 1.71 0.99 1.20 -1.59 1.20 7.10 -2.79
391 194 Pedestrian -1 -1 1.31 252.67 594.76 347.86 732.85 1.68 0.93 0.85 -5.59 1.24 13.75 0.92
392 193 Pedestrian -1 -1 -2.56 365.39 612.15 606.43 904.13 1.71 0.99 1.20 -1.63 1.20 7.12 -2.78
392 194 Pedestrian -1 -1 1.32 253.69 595.68 348.58 734.19 1.68 0.93 0.85 -5.57 1.25 13.71 0.93
393 193 Pedestrian -1 -1 -2.54 360.49 612.18 601.28 903.24 1.71 0.99 1.20 -1.67 1.20 7.15 -2.77
393 194 Pedestrian -1 -1 1.34 248.82 570.00 342.45 731.96 1.93 0.93 0.85 -5.59 1.06 13.61 0.95
394 193 Pedestrian -1 -1 -2.53 355.65 612.20 596.15 902.36 1.71 0.99 1.20 -1.71 1.20 7.17 -2.76
394 194 Pedestrian -1 -1 1.34 256.17 597.56 350.49 736.97 1.68 0.93 0.85 -5.51 1.28 13.64 0.96
395 193 Pedestrian -1 -1 -2.51 350.87 612.23 591.02 901.48 1.71 0.99 1.20 -1.75 1.20 7.19 -2.75
395 194 Pedestrian -1 -1 1.35 257.62 598.52 351.67 738.43 1.68 0.93 0.85 -5.48 1.29 13.60 0.97
396 193 Pedestrian -1 -1 -2.50 346.01 620.35 585.82 910.46 1.71 0.99 1.20 -1.79 1.27 7.22 -2.74
396 194 Pedestrian -1 -1 1.36 259.08 599.48 352.86 739.89 1.68 0.93 0.85 -5.44 1.30 13.56 0.98
397 193 Pedestrian -1 -1 -2.50 341.21 620.43 580.25 909.44 1.71 0.99 1.20 -1.83 1.27 7.24 -2.75
397 194 Pedestrian -1 -1 1.37 260.56 600.45 354.05 741.36 1.68 0.93 0.85 -5.41 1.31 13.52 0.99
398 193 Pedestrian -1 -1 -2.50 336.44 620.50 574.71 908.43 1.71 0.99 1.19 -1.87 1.27 7.26 -2.75
398 194 Pedestrian -1 -1 1.38 262.05 601.42 355.24 742.83 1.68 0.93 0.85 -5.38 1.32 13.48 1.00
399 193 Pedestrian -1 -1 -2.51 331.70 620.58 569.21 907.42 1.71 0.99 1.19 -1.91 1.27 7.28 -2.76
399 194 Pedestrian -1 -1 1.40 261.06 568.61 352.35 743.16 2.05 0.93 0.85 -5.38 1.11 13.42 1.02
400 193 Pedestrian -1 -1 -2.51 326.98 620.66 563.74 906.42 1.71 0.99 1.19 -1.95 1.27 7.30 -2.77
400 194 Pedestrian -1 -1 1.40 265.07 603.39 357.63 745.81 1.68 0.93 0.85 -5.31 1.35 13.40 1.02
401 193 Pedestrian -1 -1 -2.51 322.30 620.73 558.30 905.43 1.71 0.99 1.19 -1.99 1.27 7.33 -2.77
401 194 Pedestrian -1 -1 1.41 266.60 604.38 358.83 747.31 1.68 0.93 0.85 -5.28 1.36 13.36 1.03
402 193 Pedestrian -1 -1 -2.51 317.64 620.81 552.90 904.45 1.71 0.99 1.18 -2.03 1.28 7.35 -2.78
402 194 Pedestrian -1 -1 1.42 268.14 605.38 360.04 748.82 1.68 0.93 0.85 -5.25 1.37 13.32 1.04
403 193 Pedestrian -1 -1 -2.51 313.02 620.88 547.53 903.47 1.71 0.99 1.18 -2.07 1.28 7.37 -2.79
403 194 Pedestrian -1 -1 1.41 269.34 605.85 362.11 749.74 1.68 0.93 0.85 -5.21 1.37 13.28 1.03
404 193 Pedestrian -1 -1 -2.52 308.42 620.96 542.19 902.50 1.71 0.99 1.18 -2.11 1.28 7.39 -2.79
404 194 Pedestrian -1 -1 1.34 272.02 574.65 359.76 741.98 1.92 0.83 0.85 -5.17 1.12 13.19 0.96
405 193 Pedestrian -1 -1 -2.50 287.09 600.21 520.12 895.93 1.84 0.99 1.18 -2.28 1.19 7.46 -2.80
405 194 Pedestrian -1 -1 1.39 275.00 576.68 362.65 741.95 1.89 0.84 0.85 -5.14 1.14 13.20 1.01
406 193 Pedestrian -1 -1 -2.52 299.31 621.11 531.60 900.57 1.71 0.99 1.17 -2.19 1.28 7.43 -2.81
406 194 Pedestrian -1 -1 1.37 273.01 607.27 368.36 752.53 1.68 0.93 0.85 -5.11 1.39 13.19 1.00
407 193 Pedestrian -1 -1 -2.52 300.38 613.21 511.34 895.70 1.78 0.99 1.02 -2.27 1.25 7.47 -2.81
407 194 Pedestrian -1 -1 1.35 280.45 570.44 376.63 743.22 1.99 0.93 0.87 -5.00 1.09 13.15 0.98
408 193 Pedestrian -1 -1 -2.53 290.30 621.26 521.13 898.67 1.71 0.99 1.17 -2.27 1.29 7.48 -2.82
408 194 Pedestrian -1 -1 1.35 275.52 608.22 372.54 754.41 1.68 0.93 0.85 -5.05 1.40 13.12 0.98
409 193 Pedestrian -1 -1 -2.53 285.85 621.33 515.95 897.73 1.71 0.99 1.17 -2.31 1.29 7.50 -2.83
409 194 Pedestrian -1 -1 1.34 276.80 608.71 374.63 755.35 1.68 0.93 0.85 -5.01 1.40 13.09 0.97
410 193 Pedestrian -1 -1 -2.53 281.41 621.41 510.79 896.80 1.71 0.99 1.16 -2.35 1.29 7.52 -2.83
410 194 Pedestrian -1 -1 1.32 278.08 609.19 376.73 756.30 1.68 0.93 0.85 -4.98 1.41 13.06 0.96
411 193 Pedestrian -1 -1 -2.53 277.01 621.48 505.66 895.87 1.71 0.99 1.16 -2.39 1.29 7.54 -2.84
411 193 Pedestrian -1 -1 -2.53 277.02 620.93 505.67 895.22 1.71 0.99 1.16 -2.39 1.29 7.54 -2.84
411 194 Pedestrian -1 -1 1.31 279.38 609.68 378.83 757.25 1.68 0.93 0.85 -4.95 1.41 13.02 0.95
412 193 Pedestrian -1 -1 -2.54 272.63 621.55 500.56 894.95 1.71 0.99 1.16 -2.43 1.29 7.56 -2.85
412 194 Pedestrian -1 -1 1.30 280.69 610.17 380.93 758.21 1.68 0.93 0.85 -4.91 1.42 12.99 0.94
413 193 Pedestrian -1 -1 -2.54 268.28 621.63 495.49 894.04 1.71 0.99 1.15 -2.47 1.29 7.58 -2.85
413 194 Pedestrian -1 -1 1.29 282.01 610.66 383.04 759.17 1.68 0.93 0.85 -4.88 1.42 12.96 0.93
414 193 Pedestrian -1 -1 -2.54 263.96 621.70 490.45 893.13 1.71 0.99 1.15 -2.51 1.30 7.61 -2.86
414 193 Pedestrian -1 -1 -2.54 263.96 621.56 490.45 892.96 1.71 0.99 1.15 -2.51 1.29 7.61 -2.86
414 194 Pedestrian -1 -1 1.28 283.35 611.15 385.14 760.14 1.68 0.93 0.85 -4.85 1.43 12.93 0.92
415 193 Pedestrian -1 -1 -2.51 258.13 598.12 471.81 888.84 1.90 1.00 1.05 -2.62 1.20 7.66 -2.84
415 194 Pedestrian -1 -1 1.31 292.56 580.54 385.58 752.10 1.96 0.86 0.84 -4.79 1.19 12.92 0.95
416 193 Pedestrian -1 -1 -2.55 254.84 621.96 479.41 891.22 1.71 0.99 1.14 -2.60 1.30 7.65 -2.88
416 193 Pedestrian -1 -1 -2.55 254.84 621.96 479.41 891.22 1.71 0.99 1.14 -2.60 1.30 7.65 -2.88
416 194 Pedestrian -1 -1 1.25 286.06 612.15 389.37 762.09 1.68 0.93 0.85 -4.78 1.44 12.86 0.90
417 193 Pedestrian -1 -1 -2.55 250.02 621.57 474.25 890.16 1.71 0.99 1.14 -2.64 1.30 7.67 -2.88
417 193 Pedestrian -1 -1 -2.55 250.06 622.15 473.42 890.23 1.71 0.99 1.14 -2.64 1.30 7.68 -2.88
417 194 Pedestrian -1 -1 1.24 287.44 612.65 391.49 763.07 1.68 0.93 0.85 -4.75 1.44 12.83 0.89
418 193 Pedestrian -1 -1 -2.54 245.22 621.18 469.11 889.10 1.71 0.99 1.14 -2.68 1.30 7.68 -2.88
418 193 Pedestrian -1 -1 -2.56 245.32 622.34 467.47 889.24 1.71 0.99 1.13 -2.69 1.30 7.70 -2.89
418 194 Pedestrian -1 -1 1.23 288.83 613.15 393.61 764.05 1.68 0.93 0.85 -4.71 1.45 12.80 0.88
419 193 Pedestrian -1 -1 -2.52 221.86 605.20 446.05 884.65 1.83 1.00 1.14 -2.87 1.23 7.75 -2.88
419 194 Pedestrian -1 -1 1.32 288.18 584.08 393.53 766.64 2.03 0.98 0.85 -4.70 1.28 12.75 0.96
420 193 Pedestrian -1 -1 -2.54 235.67 620.41 458.89 887.01 1.71 0.99 1.13 -2.76 1.29 7.71 -2.88
420 194 Pedestrian -1 -1 1.21 291.66 614.17 397.87 766.03 1.68 0.93 0.85 -4.65 1.46 12.73 0.86
421 193 Pedestrian -1 -1 -2.53 230.92 620.03 453.81 885.97 1.71 0.99 1.13 -2.80 1.29 7.73 -2.88
421 194 Pedestrian -1 -1 1.19 293.09 614.68 400.00 767.03 1.68 0.93 0.85 -4.61 1.46 12.70 0.85
422 193 Pedestrian -1 -1 -2.53 226.19 619.65 448.75 884.93 1.71 0.99 1.13 -2.84 1.29 7.74 -2.88
422 194 Pedestrian -1 -1 1.18 294.55 614.15 402.14 766.87 1.68 0.93 0.85 -4.58 1.45 12.67 0.83
423 193 Pedestrian -1 -1 -2.53 221.48 619.26 443.71 883.90 1.71 0.99 1.13 -2.88 1.28 7.76 -2.88
423 194 Pedestrian -1 -1 1.17 296.03 613.62 404.30 766.72 1.68 0.93 0.85 -4.55 1.45 12.64 0.82
424 193 Pedestrian -1 -1 -2.52 216.78 618.88 438.69 882.87 1.71 0.99 1.12 -2.92 1.28 7.77 -2.88
424 194 Pedestrian -1 -1 1.16 297.53 613.08 406.45 766.56 1.68 0.93 0.85 -4.51 1.44 12.60 0.81
425 193 Pedestrian -1 -1 -2.52 212.10 618.50 433.68 881.85 1.71 0.99 1.12 -2.96 1.28 7.78 -2.89
425 194 Pedestrian -1 -1 1.15 299.03 612.55 408.61 766.39 1.68 0.93 0.85 -4.48 1.43 12.57 0.80
426 193 Pedestrian -1 -1 -2.52 207.44 618.13 428.70 880.83 1.71 0.99 1.12 -3.00 1.28 7.80 -2.89
426 194 Pedestrian -1 -1 1.13 300.29 612.21 410.43 766.35 1.68 0.93 0.85 -4.45 1.42 12.55 0.79
427 193 Pedestrian -1 -1 -2.52 202.80 617.75 423.73 879.81 1.71 0.99 1.11 -3.05 1.27 7.81 -2.89
427 194 Pedestrian -1 -1 1.12 301.55 611.87 412.25 766.31 1.68 0.93 0.85 -4.42 1.42 12.52 0.78
428 193 Pedestrian -1 -1 -2.49 174.29 600.24 396.87 876.44 1.84 1.00 1.11 -3.28 1.20 7.89 -2.89
428 194 Pedestrian -1 -1 1.09 302.63 588.56 415.47 767.29 1.95 0.93 0.87 -4.39 1.28 12.49 0.76
429 193 Pedestrian -1 -1 -2.51 193.56 617.00 413.86 877.80 1.71 0.99 1.11 -3.13 1.27 7.84 -2.89
429 194 Pedestrian -1 -1 1.10 304.12 611.18 415.89 766.21 1.68 0.93 0.85 -4.37 1.41 12.47 0.76
430 193 Pedestrian -1 -1 -2.51 188.97 616.63 408.95 876.79 1.71 0.99 1.11 -3.17 1.27 7.86 -2.89
430 194 Pedestrian -1 -1 1.09 305.42 610.84 417.71 766.16 1.68 0.93 0.85 -4.34 1.40 12.45 0.75
431 193 Pedestrian -1 -1 -2.50 184.40 616.25 404.05 875.80 1.71 0.99 1.10 -3.21 1.27 7.87 -2.89
431 194 Pedestrian -1 -1 1.08 306.74 610.50 419.53 766.11 1.68 0.93 0.85 -4.32 1.40 12.43 0.74
432 193 Pedestrian -1 -1 -2.50 179.84 615.88 399.18 874.80 1.71 0.99 1.10 -3.25 1.26 7.89 -2.89
432 194 Pedestrian -1 -1 1.06 308.07 610.15 421.35 766.06 1.68 0.93 0.85 -4.29 1.39 12.40 0.73
433 193 Pedestrian -1 -1 -2.50 175.30 615.51 394.32 873.82 1.71 0.99 1.10 -3.29 1.26 7.90 -2.89
433 194 Pedestrian -1 -1 1.05 309.41 609.80 423.17 766.01 1.68 0.93 0.85 -4.26 1.39 12.38 0.72
434 193 Pedestrian -1 -1 -2.50 169.27 614.15 390.94 873.88 1.71 0.99 1.10 -3.33 1.26 7.92 -2.90
434 194 Pedestrian -1 -1 1.04 310.76 609.46 424.99 765.95 1.68 0.93 0.85 -4.24 1.38 12.35 0.71
435 193 Pedestrian -1 -1 -2.49 166.26 614.78 384.67 871.85 1.71 0.99 1.09 -3.37 1.26 7.93 -2.90
435 194 Pedestrian -1 -1 1.03 312.12 609.11 426.80 765.90 1.68 0.93 0.85 -4.21 1.38 12.33 0.70
436 193 Pedestrian -1 -1 -2.49 160.26 615.04 378.71 871.55 1.71 0.99 1.09 -3.42 1.26 7.95 -2.90
436 194 Pedestrian -1 -1 1.02 315.11 609.47 430.13 766.80 1.68 0.93 0.85 -4.16 1.38 12.29 0.70
437 193 Pedestrian -1 -1 -2.46 123.72 603.85 343.64 868.32 1.80 0.99 1.09 -3.73 1.22 8.03 -2.90
437 194 Pedestrian -1 -1 1.02 316.07 589.38 431.45 770.24 1.90 0.94 0.85 -4.13 1.27 12.23 0.70
438 193 Pedestrian -1 -1 -2.48 148.33 615.58 366.87 870.94 1.71 0.99 1.09 -3.53 1.27 7.98 -2.90
438 194 Pedestrian -1 -1 1.02 321.15 610.20 436.85 768.62 1.68 0.93 0.85 -4.06 1.39 12.22 0.69
439 193 Pedestrian -1 -1 -2.48 142.41 615.84 360.99 870.63 1.71 0.99 1.09 -3.58 1.27 8.00 -2.90
439 194 Pedestrian -1 -1 1.01 324.20 610.57 440.24 769.54 1.68 0.93 0.85 -4.01 1.39 12.18 0.69
440 193 Pedestrian -1 -1 -2.48 136.51 616.10 355.14 870.33 1.71 0.99 1.09 -3.63 1.27 8.02 -2.90
440 194 Pedestrian -1 -1 1.01 327.27 610.95 443.65 770.46 1.68 0.93 0.85 -3.96 1.39 12.14 0.69
441 193 Pedestrian -1 -1 -2.47 130.63 616.36 349.30 870.03 1.71 0.99 1.09 -3.68 1.27 8.03 -2.90
441 194 Pedestrian -1 -1 1.00 330.35 611.32 447.08 771.39 1.68 0.93 0.85 -3.91 1.40 12.11 0.69
442 193 Pedestrian -1 -1 -2.47 124.78 616.63 343.50 869.73 1.71 0.99 1.09 -3.73 1.28 8.05 -2.90
442 194 Pedestrian -1 -1 1.00 333.46 611.70 450.52 772.33 1.68 0.93 0.85 -3.86 1.40 12.07 0.69
443 193 Pedestrian -1 -1 -2.47 118.96 616.88 337.72 869.44 1.71 0.99 1.09 -3.79 1.28 8.07 -2.91
443 194 Pedestrian -1 -1 0.99 336.58 612.07 453.99 773.27 1.68 0.93 0.85 -3.82 1.40 12.03 0.69
444 193 Pedestrian -1 -1 -2.46 113.16 617.14 331.96 869.14 1.71 0.99 1.09 -3.84 1.28 8.08 -2.91
444 194 Pedestrian -1 -1 0.99 339.73 612.45 457.48 774.22 1.68 0.93 0.85 -3.77 1.40 12.00 0.68
445 193 Pedestrian -1 -1 -2.46 107.39 617.40 326.22 868.85 1.71 0.99 1.09 -3.89 1.29 8.10 -2.91
445 194 Pedestrian -1 -1 0.98 342.90 612.84 460.99 775.17 1.68 0.93 0.85 -3.72 1.41 11.96 0.68
446 193 Pedestrian -1 -1 -2.46 102.96 617.70 321.86 868.77 1.71 0.99 1.09 -3.93 1.29 8.11 -2.91
446 194 Pedestrian -1 -1 0.97 346.00 613.22 464.56 776.13 1.68 0.93 0.85 -3.67 1.41 11.92 0.67
447 193 Pedestrian -1 -1 -2.46 98.54 617.99 317.50 868.70 1.71 0.99 1.09 -3.97 1.29 8.12 -2.91
447 194 Pedestrian -1 -1 0.96 349.14 613.60 468.14 777.09 1.68 0.93 0.85 -3.62 1.41 11.89 0.67
448 193 Pedestrian -1 -1 -2.45 94.14 618.29 313.16 868.63 1.71 0.99 1.09 -4.01 1.29 8.14 -2.91
448 194 Pedestrian -1 -1 0.95 352.30 613.99 471.74 778.06 1.68 0.93 0.85 -3.57 1.41 11.85 0.66
449 193 Pedestrian -1 -1 -2.45 89.76 618.58 308.84 868.55 1.71 0.99 1.09 -4.05 1.30 8.15 -2.91
449 194 Pedestrian -1 -1 0.94 355.49 614.38 475.35 779.04 1.68 0.93 0.85 -3.52 1.42 11.81 0.65
450 193 Pedestrian -1 -1 -2.45 85.38 618.88 304.52 868.48 1.71 0.99 1.09 -4.09 1.30 8.16 -2.91
450 194 Pedestrian -1 -1 0.93 358.70 614.77 478.97 780.02 1.68 0.93 0.85 -3.47 1.42 11.77 0.64
451 193 Pedestrian -1 -1 -2.45 81.02 619.17 300.22 868.41 1.71 0.99 1.09 -4.12 1.30 8.17 -2.91
451 194 Pedestrian -1 -1 0.92 361.95 615.17 482.62 781.01 1.68 0.93 0.85 -3.42 1.42 11.74 0.63
452 193 Pedestrian -1 -1 -2.44 76.67 619.46 295.93 868.34 1.71 0.99 1.09 -4.16 1.31 8.18 -2.91
452 194 Pedestrian -1 -1 0.90 365.22 615.57 486.27 782.00 1.68 0.93 0.85 -3.37 1.43 11.70 0.62
453 193 Pedestrian -1 -1 -2.44 72.33 619.75 291.65 868.27 1.71 0.99 1.09 -4.20 1.31 8.20 -2.92
453 194 Pedestrian -1 -1 0.89 368.52 615.97 489.95 783.00 1.68 0.93 0.85 -3.32 1.43 11.66 0.61
454 193 Pedestrian -1 -1 -2.44 68.00 620.04 287.39 868.19 1.71 0.99 1.09 -4.24 1.31 8.21 -2.92
454 194 Pedestrian -1 -1 0.88 371.84 616.37 493.64 784.00 1.68 0.93 0.85 -3.28 1.43 11.63 0.61
455 193 Pedestrian -1 -1 -2.44 63.69 620.33 283.14 868.12 1.71 0.99 1.09 -4.28 1.32 8.22 -2.92
455 194 Pedestrian -1 -1 0.87 375.20 616.77 497.34 785.01 1.68 0.93 0.85 -3.23 1.43 11.59 0.60
456 193 Pedestrian -1 -1 -2.44 59.04 620.59 278.46 867.88 1.71 0.99 1.09 -4.33 1.32 8.24 -2.92
456 194 Pedestrian -1 -1 0.87 377.71 617.31 500.10 786.09 1.68 0.93 0.85 -3.19 1.44 11.56 0.60
457 193 Pedestrian -1 -1 -2.43 54.40 620.85 273.81 867.64 1.71 0.99 1.09 -4.37 1.32 8.25 -2.92
457 194 Pedestrian -1 -1 0.87 380.23 617.85 502.87 787.18 1.68 0.93 0.85 -3.15 1.44 11.53 0.60
458 193 Pedestrian -1 -1 -2.43 49.78 621.11 269.17 867.40 1.71 0.99 1.09 -4.41 1.32 8.27 -2.92
458 194 Pedestrian -1 -1 0.87 382.76 618.39 505.66 788.27 1.68 0.93 0.85 -3.11 1.45 11.50 0.60
459 193 Pedestrian -1 -1 -2.43 45.18 621.37 264.55 867.16 1.71 0.99 1.09 -4.46 1.33 8.28 -2.92
459 194 Pedestrian -1 -1 0.87 385.31 618.93 508.47 789.37 1.68 0.93 0.85 -3.08 1.45 11.46 0.61
460 193 Pedestrian -1 -1 -2.43 40.60 621.63 259.95 866.93 1.71 0.99 1.09 -4.50 1.33 8.30 -2.92
460 194 Pedestrian -1 -1 0.87 387.87 619.48 511.29 790.47 1.68 0.93 0.85 -3.04 1.46 11.43 0.61
461 193 Pedestrian -1 -1 -2.42 36.03 621.89 255.37 866.69 1.71 0.99 1.09 -4.55 1.33 8.32 -2.92
461 194 Pedestrian -1 -1 0.87 390.45 620.03 514.12 791.58 1.68 0.93 0.85 -3.00 1.46 11.40 0.61
462 193 Pedestrian -1 -1 -2.42 31.49 622.14 250.80 866.45 1.71 0.99 1.09 -4.59 1.34 8.33 -2.93
462 194 Pedestrian -1 -1 0.87 393.04 620.58 516.97 792.70 1.68 0.93 0.85 -2.97 1.47 11.37 0.61
463 193 Pedestrian -1 -1 -2.42 26.96 622.40 246.25 866.22 1.71 0.99 1.09 -4.64 1.34 8.35 -2.93
463 194 Pedestrian -1 -1 0.87 395.64 621.14 519.84 793.83 1.68 0.93 0.85 -2.93 1.47 11.34 0.61
464 193 Pedestrian -1 -1 -2.42 22.45 622.65 241.72 865.99 1.71 0.99 1.09 -4.68 1.34 8.37 -2.93
464 194 Pedestrian -1 -1 0.86 398.26 621.69 522.72 794.96 1.68 0.93 0.85 -2.89 1.48 11.31 0.61
465 193 Pedestrian -1 -1 -2.41 15.58 622.86 234.93 865.56 1.71 0.99 1.09 -4.75 1.35 8.39 -2.93
465 194 Pedestrian -1 -1 0.86 401.29 622.08 526.06 795.96 1.68 0.93 0.85 -2.85 1.48 11.27 0.62
466 193 Pedestrian -1 -1 -2.41 8.75 623.06 228.17 865.14 1.71 0.99 1.09 -4.81 1.35 8.41 -2.93
466 194 Pedestrian -1 -1 0.86 404.34 622.46 529.41 796.97 1.68 0.93 0.85 -2.81 1.48 11.24 0.62
467 193 Pedestrian -1 -1 -2.41 1.95 623.27 221.44 864.73 1.71 0.99 1.09 -4.88 1.35 8.43 -2.93
467 194 Pedestrian -1 -1 0.86 407.42 622.85 532.79 797.98 1.68 0.93 0.85 -2.76 1.48 11.20 0.62
468 194 Pedestrian -1 -1 0.86 410.51 623.23 536.18 799.00 1.68 0.93 0.85 -2.72 1.49 11.17 0.62
469 194 Pedestrian -1 -1 0.86 413.62 623.62 539.60 800.03 1.68 0.93 0.85 -2.68 1.49 11.13 0.62
470 194 Pedestrian -1 -1 0.86 416.75 624.02 543.04 801.06 1.68 0.93 0.85 -2.64 1.49 11.10 0.62
471 194 Pedestrian -1 -1 0.86 419.90 624.41 546.51 802.10 1.68 0.93 0.85 -2.59 1.49 11.06 0.63
472 194 Pedestrian -1 -1 0.86 423.06 624.81 549.99 803.15 1.68 0.93 0.85 -2.55 1.49 11.03 0.63
473 194 Pedestrian -1 -1 0.85 426.25 625.21 553.50 804.21 1.68 0.93 0.85 -2.51 1.50 10.99 0.63
474 194 Pedestrian -1 -1 0.85 428.54 624.86 555.86 804.27 1.68 0.92 0.85 -2.48 1.49 10.96 0.63
475 194 Pedestrian -1 -1 0.84 430.85 624.51 558.23 804.32 1.68 0.92 0.85 -2.45 1.49 10.94 0.62
476 194 Pedestrian -1 -1 0.83 433.16 624.15 560.61 804.38 1.68 0.92 0.85 -2.42 1.48 10.91 0.62
477 194 Pedestrian -1 -1 0.83 435.50 623.79 563.00 804.44 1.68 0.91 0.85 -2.39 1.48 10.88 0.61
478 194 Pedestrian -1 -1 0.82 437.84 623.44 565.40 804.49 1.68 0.91 0.85 -2.36 1.47 10.85 0.61
479 194 Pedestrian -1 -1 0.81 440.20 623.08 567.81 804.55 1.68 0.91 0.85 -2.33 1.46 10.82 0.60
480 194 Pedestrian -1 -1 0.81 442.57 622.71 570.24 804.60 1.68 0.91 0.85 -2.30 1.46 10.80 0.60
481 194 Pedestrian -1 -1 0.80 444.96 622.35 572.67 804.66 1.68 0.90 0.85 -2.27 1.45 10.77 0.59
482 194 Pedestrian -1 -1 0.79 447.36 621.98 575.12 804.72 1.68 0.90 0.85 -2.23 1.45 10.74 0.59
483 194 Pedestrian -1 -1 0.78 449.77 621.62 577.58 804.77 1.68 0.90 0.85 -2.20 1.44 10.71 0.58
484 194 Pedestrian -1 -1 0.78 452.49 621.24 580.42 804.80 1.68 0.90 0.85 -2.17 1.44 10.69 0.58
485 194 Pedestrian -1 -1 0.78 455.22 620.86 583.28 804.83 1.68 0.89 0.85 -2.14 1.43 10.66 0.58
486 194 Pedestrian -1 -1 0.77 457.96 620.48 586.15 804.86 1.68 0.89 0.85 -2.10 1.43 10.63 0.58
487 194 Pedestrian -1 -1 0.77 460.72 620.10 589.03 804.88 1.68 0.89 0.85 -2.07 1.42 10.61 0.57
488 194 Pedestrian -1 -1 0.76 463.49 619.71 591.93 804.91 1.68 0.89 0.85 -2.04 1.42 10.58 0.57
489 194 Pedestrian -1 -1 0.76 466.28 619.33 594.85 804.94 1.68 0.89 0.85 -2.01 1.41 10.56 0.57
490 194 Pedestrian -1 -1 0.76 469.08 618.94 597.77 804.97 1.68 0.89 0.85 -1.97 1.40 10.53 0.57
491 194 Pedestrian -1 -1 0.75 471.89 618.55 600.71 805.00 1.68 0.89 0.85 -1.94 1.40 10.51 0.57
492 194 Pedestrian -1 -1 0.75 474.72 618.16 603.67 805.03 1.68 0.88 0.85 -1.91 1.39 10.48 0.57
493 194 Pedestrian -1 -1 0.74 477.56 617.76 606.64 805.06 1.68 0.88 0.85 -1.87 1.39 10.45 0.57
494 194 Pedestrian -1 -1 0.74 480.42 617.37 609.62 805.09 1.68 0.88 0.85 -1.84 1.38 10.43 0.56
495 194 Pedestrian -1 -1 0.73 483.29 616.97 612.62 805.11 1.68 0.88 0.85 -1.81 1.38 10.40 0.56
496 194 Pedestrian -1 -1 0.73 486.18 616.57 615.63 805.14 1.68 0.88 0.85 -1.77 1.37 10.38 0.56
497 194 Pedestrian -1 -1 1.04 477.69 602.12 607.50 805.22 1.80 0.88 0.85 -1.83 1.28 10.19 0.87
498 194 Pedestrian -1 -1 1.03 481.32 602.17 610.66 807.24 1.80 0.88 0.86 -1.79 1.28 10.17 0.85
499 194 Pedestrian -1 -1 1.01 484.64 602.12 614.74 808.07 1.81 0.88 0.86 -1.76 1.28 10.15 0.84
500 194 Pedestrian -1 -1 1.00 487.98 602.07 618.83 808.90 1.81 0.88 0.86 -1.72 1.28 10.13 0.83
501 194 Pedestrian -1 -1 0.98 491.35 602.02 622.93 809.73 1.81 0.88 0.86 -1.68 1.28 10.10 0.82
502 194 Pedestrian -1 -1 0.96 494.75 601.97 627.03 810.56 1.82 0.88 0.87 -1.64 1.28 10.08 0.80
503 194 Pedestrian -1 -1 0.95 498.17 601.92 631.14 811.39 1.82 0.88 0.87 -1.60 1.28 10.06 0.79
504 194 Pedestrian -1 -1 0.93 501.61 601.87 635.25 812.22 1.82 0.87 0.87 -1.56 1.28 10.04 0.78
505 194 Pedestrian -1 -1 0.92 505.08 601.82 639.37 813.05 1.83 0.87 0.87 -1.52 1.28 10.02 0.77
506 194 Pedestrian -1 -1 0.90 508.58 601.77 643.50 813.89 1.83 0.87 0.88 -1.48 1.28 9.99 0.75
507 194 Pedestrian -1 -1 0.89 512.11 601.72 647.63 814.72 1.83 0.87 0.88 -1.44 1.28 9.97 0.74
508 194 Pedestrian -1 -1 0.87 515.66 601.68 651.76 815.56 1.84 0.87 0.88 -1.40 1.28 9.95 0.73
509 194 Pedestrian -1 -1 0.85 519.24 601.63 655.91 816.40 1.84 0.87 0.89 -1.36 1.28 9.93 0.72
510 194 Pedestrian -1 -1 0.84 522.85 601.58 660.05 817.23 1.84 0.87 0.89 -1.32 1.28 9.91 0.70
511 194 Pedestrian -1 -1 0.82 526.48 601.53 664.21 818.07 1.85 0.87 0.89 -1.28 1.28 9.89 0.69
512 194 Pedestrian -1 -1 0.81 530.14 601.48 668.37 818.91 1.85 0.87 0.89 -1.24 1.29 9.86 0.68
513 194 Pedestrian -1 -1 0.79 533.83 601.43 672.53 819.75 1.85 0.87 0.90 -1.20 1.29 9.84 0.67
514 194 Pedestrian -1 -1 0.77 537.52 601.38 676.97 820.52 1.86 0.87 0.90 -1.16 1.29 9.82 0.66
515 194 Pedestrian -1 -1 0.64 547.75 619.13 681.47 819.29 1.68 0.87 0.85 -1.09 1.37 9.82 0.53
516 194 Pedestrian -1 -1 0.64 551.92 618.72 685.83 819.41 1.68 0.87 0.85 -1.05 1.36 9.79 0.53
517 194 Pedestrian -1 -1 0.63 556.11 618.30 690.21 819.52 1.68 0.87 0.85 -1.01 1.36 9.76 0.53
518 194 Pedestrian -1 -1 0.63 560.33 617.88 694.62 819.64 1.68 0.87 0.85 -0.96 1.35 9.74 0.53
519 194 Pedestrian -1 -1 0.62 564.57 617.47 699.05 819.76 1.68 0.87 0.85 -0.92 1.35 9.71 0.53
520 194 Pedestrian -1 -1 0.63 568.03 617.66 703.05 820.68 1.68 0.87 0.85 -0.88 1.35 9.68 0.54
521 194 Pedestrian -1 -1 0.64 571.51 617.87 707.08 821.60 1.68 0.87 0.85 -0.85 1.35 9.65 0.55
522 194 Pedestrian -1 -1 0.65 575.02 618.07 711.13 822.53 1.68 0.87 0.85 -0.81 1.35 9.62 0.56
523 194 Pedestrian -1 -1 0.65 578.56 618.27 715.20 823.46 1.68 0.87 0.85 -0.78 1.35 9.59 0.57
524 194 Pedestrian -1 -1 0.66 582.12 618.48 719.29 824.39 1.68 0.87 0.85 -0.74 1.35 9.56 0.59
525 194 Pedestrian -1 -1 0.67 585.71 618.68 723.41 825.33 1.68 0.87 0.85 -0.70 1.35 9.53 0.60
526 194 Pedestrian -1 -1 0.68 589.32 618.89 727.54 826.27 1.68 0.87 0.85 -0.67 1.35 9.50 0.61
527 194 Pedestrian -1 -1 0.70 592.94 619.10 731.79 827.24 1.68 0.87 0.85 -0.63 1.35 9.48 0.63
528 194 Pedestrian -1 -1 0.70 596.63 619.31 735.87 828.17 1.68 0.87 0.85 -0.59 1.35 9.45 0.63
529 194 Pedestrian -1 -1 0.71 600.33 619.53 740.07 829.12 1.68 0.87 0.85 -0.56 1.35 9.42 0.65
530 194 Pedestrian -1 -1 0.71 604.06 619.74 744.30 830.08 1.68 0.87 0.85 -0.52 1.35 9.39 0.66
531 194 Pedestrian -1 -1 0.72 607.81 619.96 748.54 831.04 1.68 0.87 0.85 -0.49 1.35 9.36 0.67
532 194 Pedestrian -1 -1 0.73 611.59 620.18 752.81 832.01 1.68 0.87 0.85 -0.45 1.35 9.33 0.68
533 194 Pedestrian -1 -1 0.74 615.40 620.40 757.10 832.98 1.68 0.87 0.85 -0.41 1.35 9.30 0.69
534 194 Pedestrian -1 -1 0.75 619.24 620.62 761.42 833.95 1.68 0.87 0.85 -0.38 1.36 9.27 0.71
535 194 Pedestrian -1 -1 0.75 623.11 620.84 765.76 834.93 1.68 0.87 0.85 -0.34 1.36 9.24 0.72
536 194 Pedestrian -1 -1 0.76 627.00 621.06 770.12 835.92 1.68 0.87 0.85 -0.30 1.36 9.21 0.73
537 194 Pedestrian -1 -1 0.77 630.93 621.29 774.51 836.90 1.68 0.87 0.85 -0.27 1.36 9.18 0.74
538 194 Pedestrian -1 -1 0.78 634.88 621.52 778.92 837.89 1.68 0.87 0.85 -0.23 1.36 9.15 0.75
