0 352 Pedestrian -1 -1 2.71 446.64 580.41 545.78 719.48 1.79 0.90 1.01 -3.24 1.12 14.51 2.49
0 355 Pedestrian -1 -1 2.35 937.45 560.02 1012.19 648.28 1.66 0.93 1.06 4.67 0.76 20.73 2.57
1 352 Pedestrian -1 -1 2.71 443.93 580.53 543.09 719.82 1.79 0.90 1.01 -3.27 1.13 14.48 2.49
1 355 Pedestrian -1 -1 2.35 935.69 559.97 1010.51 648.35 1.66 0.93 1.06 4.63 0.76 20.71 2.57
2 352 Pedestrian -1 -1 2.72 441.20 580.66 540.39 720.17 1.79 0.90 1.01 -3.30 1.13 14.46 2.50
2 355 Pedestrian -1 -1 2.35 933.93 559.93 1008.83 648.41 1.66 0.93 1.06 4.59 0.76 20.68 2.57
3 352 Pedestrian -1 -1 2.73 438.48 580.78 537.68 720.52 1.79 0.90 1.01 -3.33 1.13 14.44 2.50
3 355 Pedestrian -1 -1 2.35 932.17 559.88 1007.14 648.48 1.66 0.93 1.06 4.55 0.76 20.66 2.57
4 352 Pedestrian -1 -1 2.73 435.74 580.91 534.96 720.86 1.79 0.90 1.01 -3.36 1.13 14.42 2.50
4 355 Pedestrian -1 -1 2.35 930.40 559.84 1005.44 648.55 1.66 0.93 1.06 4.51 0.76 20.63 2.57
5 352 Pedestrian -1 -1 2.74 433.00 581.03 532.23 721.21 1.79 0.90 1.01 -3.40 1.13 14.40 2.51
5 355 Pedestrian -1 -1 2.36 928.63 559.79 1003.74 648.61 1.66 0.93 1.06 4.48 0.76 20.61 2.57
6 352 Pedestrian -1 -1 2.75 430.25 581.16 529.49 721.56 1.79 0.90 1.01 -3.43 1.13 14.37 2.51
6 355 Pedestrian -1 -1 2.36 926.85 559.74 1002.04 648.68 1.66 0.93 1.06 4.44 0.76 20.58 2.57
7 352 Pedestrian -1 -1 2.75 427.50 581.28 526.73 721.92 1.79 0.90 1.01 -3.46 1.13 14.35 2.52
7 355 Pedestrian -1 -1 2.36 925.07 559.70 1000.34 648.74 1.66 0.93 1.06 4.40 0.75 20.56 2.57
8 352 Pedestrian -1 -1 2.76 424.74 581.41 523.97 722.27 1.79 0.90 1.01 -3.49 1.14 14.33 2.52
8 355 Pedestrian -1 -1 2.36 923.28 559.65 998.62 648.81 1.66 0.93 1.06 4.36 0.75 20.53 2.57
9 352 Pedestrian -1 -1 2.76 421.97 581.54 521.20 722.62 1.79 0.90 1.01 -3.52 1.14 14.31 2.52
9 355 Pedestrian -1 -1 2.36 921.49 559.60 996.91 648.88 1.66 0.93 1.06 4.32 0.75 20.51 2.57
10 352 Pedestrian -1 -1 2.77 419.19 581.66 518.42 722.98 1.79 0.90 1.01 -3.56 1.14 14.29 2.53
10 355 Pedestrian -1 -1 2.36 919.70 559.55 995.19 648.94 1.66 0.93 1.06 4.28 0.75 20.48 2.57
11 352 Pedestrian -1 -1 2.78 416.41 581.79 515.63 723.33 1.79 0.90 1.01 -3.59 1.14 14.26 2.53
11 355 Pedestrian -1 -1 2.36 917.90 559.51 993.47 649.01 1.66 0.93 1.06 4.24 0.75 20.45 2.57
12 352 Pedestrian -1 -1 2.78 413.66 581.97 513.10 723.75 1.79 0.90 1.01 -3.62 1.14 14.24 2.53
12 355 Pedestrian -1 -1 2.37 916.09 559.46 991.74 649.08 1.66 0.93 1.06 4.20 0.75 20.43 2.57
13 352 Pedestrian -1 -1 2.78 410.90 582.15 510.57 724.18 1.79 0.90 1.01 -3.65 1.14 14.22 2.53
13 355 Pedestrian -1 -1 2.37 914.28 559.41 990.01 649.14 1.66 0.93 1.06 4.16 0.75 20.40 2.57
14 352 Pedestrian -1 -1 2.78 408.14 582.33 508.03 724.60 1.79 0.90 1.01 -3.68 1.15 14.20 2.52
14 355 Pedestrian -1 -1 2.37 912.47 559.36 988.27 649.21 1.66 0.93 1.06 4.12 0.75 20.38 2.57
15 352 Pedestrian -1 -1 2.78 405.36 582.51 505.48 725.03 1.79 0.90 1.01 -3.71 1.15 14.18 2.52
15 355 Pedestrian -1 -1 2.37 910.65 559.32 986.53 649.28 1.66 0.93 1.06 4.09 0.75 20.35 2.57
16 352 Pedestrian -1 -1 2.78 402.57 582.69 502.93 725.46 1.79 0.90 1.01 -3.74 1.15 14.15 2.52
16 355 Pedestrian -1 -1 2.37 908.83 559.27 984.78 649.35 1.66 0.93 1.06 4.05 0.75 20.33 2.57
17 352 Pedestrian -1 -1 2.77 399.78 582.87 500.37 725.89 1.79 0.90 1.01 -3.76 1.15 14.13 2.51
17 355 Pedestrian -1 -1 2.37 907.01 559.22 983.04 649.42 1.66 0.93 1.06 4.01 0.75 20.30 2.57
18 352 Pedestrian -1 -1 2.77 396.98 583.05 497.80 726.32 1.79 0.90 1.01 -3.79 1.15 14.11 2.51
18 355 Pedestrian -1 -1 2.37 905.17 559.17 981.28 649.48 1.66 0.93 1.06 3.97 0.75 20.28 2.57
19 352 Pedestrian -1 -1 2.77 394.16 583.24 495.22 726.75 1.79 0.90 1.01 -3.82 1.16 14.09 2.51
19 355 Pedestrian -1 -1 2.38 903.00 559.12 979.20 649.54 1.66 0.93 1.06 3.92 0.75 20.25 2.57
20 352 Pedestrian -1 -1 2.77 391.34 583.42 492.63 727.18 1.79 0.90 1.01 -3.85 1.16 14.07 2.51
20 355 Pedestrian -1 -1 2.39 900.83 559.07 977.11 649.60 1.66 0.93 1.06 3.88 0.74 20.23 2.58
21 352 Pedestrian -1 -1 2.77 388.51 583.60 490.04 727.62 1.79 0.90 1.01 -3.88 1.16 14.04 2.50
21 355 Pedestrian -1 -1 2.40 898.65 559.01 975.02 649.66 1.66 0.93 1.06 3.83 0.74 20.20 2.58
22 352 Pedestrian -1 -1 2.77 385.67 583.79 487.44 728.05 1.79 0.90 1.01 -3.91 1.16 14.02 2.50
22 355 Pedestrian -1 -1 2.40 896.47 558.96 972.92 649.72 1.66 0.93 1.06 3.79 0.74 20.18 2.59
23 352 Pedestrian -1 -1 2.77 382.82 583.97 484.83 728.49 1.79 0.90 1.01 -3.94 1.16 14.00 2.50
23 355 Pedestrian -1 -1 2.41 894.28 558.91 970.81 649.78 1.66 0.93 1.06 3.74 0.74 20.15 2.59
24 352 Pedestrian -1 -1 2.77 379.96 584.16 482.21 728.93 1.79 0.90 1.01 -3.97 1.17 13.98 2.50
24 355 Pedestrian -1 -1 2.42 892.09 558.86 968.69 649.84 1.66 0.93 1.06 3.70 0.74 20.13 2.60
25 352 Pedestrian -1 -1 2.77 377.09 584.35 479.59 729.37 1.79 0.90 1.01 -4.00 1.17 13.96 2.49
25 355 Pedestrian -1 -1 2.43 889.90 558.80 966.57 649.90 1.66 0.93 1.06 3.65 0.74 20.10 2.61
26 352 Pedestrian -1 -1 2.77 374.22 584.54 476.95 729.81 1.79 0.90 1.01 -4.03 1.17 13.93 2.49
26 355 Pedestrian -1 -1 2.43 887.70 558.75 964.44 649.96 1.66 0.93 1.06 3.60 0.74 20.08 2.61
27 352 Pedestrian -1 -1 2.77 371.33 584.72 474.31 730.26 1.79 0.90 1.01 -4.06 1.17 13.91 2.49
27 355 Pedestrian -1 -1 2.44 885.50 558.70 962.30 650.02 1.66 0.93 1.06 3.56 0.74 20.05 2.62
28 352 Pedestrian -1 -1 2.77 368.43 584.91 471.66 730.70 1.79 0.90 1.01 -4.09 1.17 13.89 2.49
28 355 Pedestrian -1 -1 2.45 883.30 558.64 960.15 650.08 1.66 0.93 1.06 3.51 0.74 20.03 2.62
29 352 Pedestrian -1 -1 2.77 364.57 585.10 468.10 731.23 1.79 0.90 1.01 -4.13 1.18 13.86 2.48
29 355 Pedestrian -1 -1 2.46 881.09 558.59 958.00 650.14 1.66 0.93 1.06 3.47 0.74 20.00 2.63
30 352 Pedestrian -1 -1 2.77 360.69 585.29 464.53 731.77 1.79 0.90 1.01 -4.17 1.18 13.83 2.48
30 355 Pedestrian -1 -1 2.46 878.88 558.53 955.84 650.20 1.66 0.93 1.06 3.42 0.74 19.97 2.63
31 352 Pedestrian -1 -1 2.77 356.80 585.48 460.94 732.30 1.79 0.90 1.01 -4.21 1.18 13.80 2.48
31 355 Pedestrian -1 -1 2.47 876.66 558.48 953.67 650.26 1.66 0.93 1.06 3.38 0.74 19.95 2.64
32 352 Pedestrian -1 -1 2.77 352.88 585.67 457.34 732.84 1.79 0.90 1.01 -4.25 1.18 13.77 2.47
32 355 Pedestrian -1 -1 2.48 874.45 558.43 951.50 650.32 1.66 0.93 1.06 3.33 0.73 19.92 2.64
33 352 Pedestrian -1 -1 2.77 348.95 585.86 453.72 733.38 1.79 0.90 1.01 -4.29 1.18 13.74 2.47
33 355 Pedestrian -1 -1 2.49 872.22 558.37 949.31 650.38 1.66 0.93 1.06 3.29 0.73 19.90 2.65
34 352 Pedestrian -1 -1 2.78 345.00 586.05 450.09 733.93 1.79 0.90 1.01 -4.33 1.18 13.71 2.47
34 355 Pedestrian -1 -1 2.49 870.00 558.32 947.12 650.44 1.66 0.93 1.06 3.24 0.73 19.87 2.66
35 352 Pedestrian -1 -1 2.78 341.04 586.24 446.44 734.47 1.79 0.90 1.01 -4.37 1.19 13.68 2.47
35 355 Pedestrian -1 -1 2.50 867.77 558.26 944.92 650.50 1.66 0.93 1.06 3.20 0.73 19.85 2.66
36 352 Pedestrian -1 -1 2.78 337.05 586.44 442.77 735.02 1.79 0.90 1.01 -4.41 1.19 13.65 2.46
36 355 Pedestrian -1 -1 2.51 865.54 558.21 942.72 650.56 1.66 0.93 1.06 3.15 0.73 19.82 2.67
37 352 Pedestrian -1 -1 2.78 333.95 586.64 439.97 735.53 1.79 0.90 1.01 -4.43 1.19 13.63 2.46
37 355 Pedestrian -1 -1 2.52 863.30 558.15 940.50 650.62 1.66 0.93 1.06 3.10 0.73 19.80 2.67
38 352 Pedestrian -1 -1 2.78 330.84 586.84 437.16 736.05 1.79 0.90 1.01 -4.46 1.19 13.60 2.46
38 355 Pedestrian -1 -1 2.52 861.06 558.10 938.28 650.68 1.66 0.93 1.06 3.06 0.73 19.77 2.68
39 352 Pedestrian -1 -1 2.78 327.72 587.04 434.33 736.56 1.79 0.90 1.01 -4.49 1.19 13.57 2.46
39 355 Pedestrian -1 -1 2.52 858.78 558.22 936.07 650.93 1.66 0.93 1.06 3.01 0.73 19.75 2.67
40 352 Pedestrian -1 -1 2.78 324.58 587.24 431.50 737.08 1.79 0.90 1.01 -4.52 1.20 13.55 2.45
40 355 Pedestrian -1 -1 2.52 856.49 558.34 933.86 651.17 1.66 0.93 1.06 2.97 0.73 19.72 2.67
41 352 Pedestrian -1 -1 2.78 321.43 587.44 428.65 737.60 1.79 0.90 1.01 -4.55 1.20 13.52 2.45
41 355 Pedestrian -1 -1 2.52 854.19 558.47 931.64 651.41 1.66 0.93 1.06 2.92 0.74 19.70 2.67
42 352 Pedestrian -1 -1 2.78 318.27 587.64 425.80 738.12 1.79 0.90 1.01 -4.58 1.20 13.50 2.45
42 355 Pedestrian -1 -1 2.52 851.89 558.59 929.42 651.66 1.66 0.93 1.06 2.88 0.74 19.68 2.67
43 352 Pedestrian -1 -1 2.78 315.10 587.84 422.93 738.65 1.79 0.90 1.01 -4.61 1.20 13.47 2.45
43 355 Pedestrian -1 -1 2.52 849.58 558.71 927.19 651.90 1.66 0.93 1.06 2.83 0.74 19.65 2.66
44 352 Pedestrian -1 -1 2.78 311.91 588.03 420.06 739.18 1.79 0.90 1.01 -4.64 1.20 13.44 2.44
44 355 Pedestrian -1 -1 2.52 847.27 558.84 924.95 652.15 1.66 0.93 1.06 2.79 0.74 19.63 2.66
45 352 Pedestrian -1 -1 2.78 308.71 588.22 417.17 739.71 1.79 0.90 1.01 -4.67 1.21 13.42 2.44
45 355 Pedestrian -1 -1 2.52 844.95 558.96 922.71 652.39 1.66 0.93 1.06 2.74 0.75 19.60 2.66
46 352 Pedestrian -1 -1 2.77 305.50 588.42 414.27 740.24 1.79 0.90 1.01 -4.70 1.21 13.39 2.44
46 355 Pedestrian -1 -1 2.52 842.62 559.09 920.47 652.64 1.66 0.93 1.06 2.70 0.75 19.58 2.66
47 352 Pedestrian -1 -1 2.77 302.27 588.61 411.36 740.77 1.79 0.90 1.01 -4.73 1.21 13.37 2.44
47 355 Pedestrian -1 -1 2.52 840.29 559.21 918.22 652.89 1.66 0.93 1.06 2.65 0.75 19.56 2.65
48 352 Pedestrian -1 -1 2.77 299.03 588.81 408.44 741.31 1.79 0.90 1.01 -4.76 1.21 13.34 2.43
48 355 Pedestrian -1 -1 2.52 837.95 559.34 915.96 653.13 1.66 0.93 1.06 2.61 0.75 19.53 2.65
49 352 Pedestrian -1 -1 2.77 295.78 589.00 405.51 741.84 1.79 0.90 1.01 -4.78 1.21 13.31 2.43
49 355 Pedestrian -1 -1 2.52 835.61 559.46 913.70 653.38 1.66 0.93 1.06 2.56 0.76 19.51 2.65
50 352 Pedestrian -1 -1 2.77 292.52 589.20 402.57 742.38 1.79 0.90 1.01 -4.81 1.22 13.29 2.43
50 355 Pedestrian -1 -1 2.52 833.26 559.59 911.43 653.63 1.66 0.93 1.06 2.52 0.76 19.48 2.65
51 352 Pedestrian -1 -1 2.77 289.24 589.40 399.61 742.93 1.79 0.90 1.01 -4.84 1.22 13.26 2.42
51 355 Pedestrian -1 -1 2.52 830.91 559.71 909.16 653.88 1.66 0.93 1.06 2.47 0.76 19.46 2.64
52 352 Pedestrian -1 -1 2.77 285.95 589.60 396.65 743.47 1.79 0.90 1.01 -4.87 1.22 13.24 2.42
52 355 Pedestrian -1 -1 2.52 828.55 559.84 906.88 654.13 1.66 0.93 1.06 2.43 0.76 19.44 2.64
53 352 Pedestrian -1 -1 2.77 282.64 589.80 393.67 744.02 1.79 0.90 1.01 -4.90 1.22 13.21 2.42
53 355 Pedestrian -1 -1 2.52 826.18 559.97 904.59 654.38 1.66 0.93 1.06 2.38 0.76 19.41 2.64
54 352 Pedestrian -1 -1 2.77 279.32 590.00 390.69 744.57 1.79 0.90 1.01 -4.93 1.22 13.18 2.42
54 355 Pedestrian -1 -1 2.51 823.81 560.09 902.30 654.63 1.66 0.93 1.06 2.34 0.77 19.39 2.63
55 352 Pedestrian -1 -1 2.77 275.99 590.20 387.69 745.12 1.79 0.90 1.01 -4.96 1.23 13.16 2.41
55 355 Pedestrian -1 -1 2.51 821.43 560.22 900.01 654.89 1.66 0.93 1.06 2.29 0.77 19.36 2.63
56 352 Pedestrian -1 -1 2.77 272.64 590.40 384.68 745.67 1.79 0.90 1.01 -4.99 1.23 13.13 2.41
56 355 Pedestrian -1 -1 2.51 819.05 560.35 897.71 655.14 1.66 0.93 1.06 2.25 0.77 19.34 2.63
57 352 Pedestrian -1 -1 2.77 269.28 590.60 381.66 746.23 1.79 0.90 1.01 -5.02 1.23 13.11 2.41
57 355 Pedestrian -1 -1 2.51 816.66 560.48 895.40 655.39 1.66 0.93 1.06 2.20 0.77 19.32 2.63
58 352 Pedestrian -1 -1 2.77 265.91 590.80 378.62 746.78 1.79 0.90 1.01 -5.05 1.23 13.08 2.41
58 355 Pedestrian -1 -1 2.51 814.26 560.61 893.09 655.65 1.66 0.93 1.06 2.15 0.78 19.29 2.62
59 352 Pedestrian -1 -1 2.77 262.52 591.01 375.58 747.34 1.79 0.90 1.01 -5.08 1.23 13.05 2.40
59 355 Pedestrian -1 -1 2.44 811.53 560.72 890.77 655.96 1.66 0.93 1.06 2.11 0.78 19.27 2.55
60 352 Pedestrian -1 -1 2.77 259.12 591.21 372.52 747.91 1.79 0.90 1.01 -5.11 1.24 13.03 2.40
60 355 Pedestrian -1 -1 2.44 809.21 560.88 888.53 656.25 1.66 0.93 1.06 2.06 0.78 19.24 2.55
61 352 Pedestrian -1 -1 2.77 255.70 591.41 369.45 748.47 1.79 0.90 1.01 -5.13 1.24 13.00 2.40
61 355 Pedestrian -1 -1 2.45 806.88 561.03 886.30 656.55 1.66 0.93 1.06 2.02 0.78 19.21 2.55
62 352 Pedestrian -1 -1 2.77 252.27 591.62 366.37 749.04 1.79 0.90 1.01 -5.16 1.24 12.98 2.40
62 355 Pedestrian -1 -1 2.45 804.55 561.19 884.05 656.84 1.66 0.93 1.06 1.98 0.79 19.19 2.55
63 352 Pedestrian -1 -1 2.77 248.82 591.83 363.28 749.61 1.79 0.90 1.01 -5.19 1.24 12.95 2.39
63 355 Pedestrian -1 -1 2.45 802.21 561.35 881.80 657.14 1.66 0.93 1.06 1.93 0.79 19.16 2.55
64 352 Pedestrian -1 -1 2.77 245.36 592.03 360.18 750.18 1.79 0.90 1.01 -5.22 1.24 12.92 2.39
64 355 Pedestrian -1 -1 2.46 799.87 561.50 879.54 657.44 1.66 0.93 1.06 1.89 0.79 19.13 2.56
65 352 Pedestrian -1 -1 2.77 241.89 592.24 357.06 750.75 1.79 0.90 1.01 -5.25 1.25 12.90 2.39
65 355 Pedestrian -1 -1 2.46 797.51 561.66 877.28 657.74 1.66 0.93 1.06 1.84 0.79 19.10 2.56
66 352 Pedestrian -1 -1 2.77 238.40 592.45 353.93 751.33 1.79 0.90 1.01 -5.28 1.25 12.87 2.38
66 355 Pedestrian -1 -1 2.47 795.16 561.82 875.01 658.04 1.66 0.93 1.06 1.80 0.80 19.08 2.56
67 352 Pedestrian -1 -1 2.77 234.90 592.66 350.79 751.91 1.79 0.90 1.01 -5.31 1.25 12.84 2.38
67 355 Pedestrian -1 -1 2.47 792.79 561.98 872.73 658.34 1.66 0.93 1.06 1.76 0.80 19.05 2.56
68 352 Pedestrian -1 -1 2.77 231.38 592.87 347.64 752.49 1.79 0.90 1.01 -5.34 1.25 12.82 2.38
68 355 Pedestrian -1 -1 2.47 790.42 562.13 870.44 658.64 1.66 0.93 1.06 1.71 0.80 19.02 2.56
69 352 Pedestrian -1 -1 2.77 227.85 593.08 344.48 753.07 1.79 0.90 1.01 -5.37 1.25 12.79 2.38
69 355 Pedestrian -1 -1 2.48 788.04 562.29 868.15 658.94 1.66 0.93 1.06 1.67 0.81 18.99 2.57
70 352 Pedestrian -1 -1 2.77 224.30 593.30 341.30 753.66 1.79 0.90 1.01 -5.40 1.26 12.77 2.37
70 355 Pedestrian -1 -1 2.48 785.66 562.45 865.85 659.24 1.66 0.93 1.06 1.62 0.81 18.97 2.57
71 352 Pedestrian -1 -1 2.77 220.73 593.51 338.11 754.25 1.79 0.90 1.01 -5.43 1.26 12.74 2.37
71 355 Pedestrian -1 -1 2.49 783.27 562.61 863.54 659.55 1.66 0.93 1.06 1.58 0.81 18.94 2.57
72 352 Pedestrian -1 -1 2.77 217.15 593.72 334.91 754.84 1.79 0.90 1.01 -5.46 1.26 12.71 2.37
72 355 Pedestrian -1 -1 2.49 780.87 562.77 861.23 659.85 1.66 0.93 1.06 1.54 0.81 18.91 2.57
73 352 Pedestrian -1 -1 2.77 213.56 593.94 331.69 755.43 1.79 0.90 1.01 -5.48 1.26 12.69 2.37
73 355 Pedestrian -1 -1 2.49 778.47 562.94 858.90 660.16 1.66 0.93 1.06 1.49 0.82 18.89 2.57
74 352 Pedestrian -1 -1 2.77 209.95 594.15 328.46 756.03 1.79 0.90 1.01 -5.51 1.26 12.66 2.36
74 355 Pedestrian -1 -1 2.50 776.06 563.10 856.58 660.46 1.66 0.93 1.06 1.45 0.82 18.86 2.58
75 352 Pedestrian -1 -1 2.77 206.32 594.37 325.22 756.63 1.79 0.90 1.01 -5.54 1.27 12.64 2.36
75 355 Pedestrian -1 -1 2.50 773.65 563.26 854.24 660.77 1.66 0.93 1.06 1.40 0.82 18.83 2.58
76 352 Pedestrian -1 -1 2.77 202.68 594.59 321.97 757.23 1.79 0.90 1.01 -5.57 1.27 12.61 2.36
76 355 Pedestrian -1 -1 2.51 771.22 563.42 851.90 661.08 1.66 0.93 1.06 1.36 0.83 18.80 2.58
77 352 Pedestrian -1 -1 2.77 199.03 594.81 318.71 757.84 1.79 0.90 1.01 -5.60 1.27 12.58 2.36
77 355 Pedestrian -1 -1 2.51 768.80 563.58 849.54 661.39 1.66 0.93 1.06 1.32 0.83 18.78 2.58
78 352 Pedestrian -1 -1 2.77 195.35 595.02 315.43 758.44 1.79 0.90 1.01 -5.63 1.27 12.56 2.35
78 355 Pedestrian -1 -1 2.52 766.36 563.75 847.19 661.70 1.66 0.93 1.06 1.27 0.83 18.75 2.58
79 352 Pedestrian -1 -1 2.77 191.67 595.24 312.13 759.05 1.79 0.90 1.01 -5.66 1.27 12.53 2.35
79 355 Pedestrian -1 -1 2.52 763.92 563.91 844.82 662.01 1.66 0.93 1.06 1.23 0.83 18.72 2.58
80 352 Pedestrian -1 -1 2.77 187.96 595.46 308.83 759.66 1.79 0.90 1.01 -5.69 1.28 12.51 2.35
80 355 Pedestrian -1 -1 2.52 761.32 564.46 842.29 662.69 1.66 0.93 1.06 1.18 0.84 18.70 2.59
81 352 Pedestrian -1 -1 2.77 184.24 595.69 305.51 760.28 1.79 0.90 1.01 -5.72 1.28 12.48 2.34
81 355 Pedestrian -1 -1 2.53 758.72 565.01 839.75 663.38 1.66 0.93 1.06 1.13 0.85 18.67 2.59
82 352 Pedestrian -1 -1 2.77 180.50 595.91 302.18 760.90 1.79 0.90 1.01 -5.75 1.28 12.45 2.34
82 355 Pedestrian -1 -1 2.53 756.12 564.38 837.21 662.88 1.66 0.93 1.06 1.09 0.84 18.64 2.59
83 352 Pedestrian -1 -1 2.77 176.75 596.13 298.83 761.52 1.79 0.90 1.01 -5.78 1.28 12.43 2.34
83 355 Pedestrian -1 -1 2.54 753.50 564.93 834.66 663.57 1.66 0.93 1.06 1.04 0.85 18.62 2.59
84 352 Pedestrian -1 -1 2.77 172.98 596.36 295.48 762.14 1.79 0.90 1.01 -5.81 1.28 12.40 2.34
84 355 Pedestrian -1 -1 2.54 750.88 565.48 832.10 664.27 1.66 0.93 1.06 0.99 0.86 18.59 2.59
85 352 Pedestrian -1 -1 2.77 169.19 596.58 292.10 762.76 1.79 0.90 1.01 -5.84 1.29 12.38 2.33
85 355 Pedestrian -1 -1 2.54 748.25 566.04 829.53 664.96 1.66 0.93 1.06 0.95 0.87 18.57 2.60
86 352 Pedestrian -1 -1 2.78 165.39 596.81 288.72 763.39 1.79 0.90 1.01 -5.86 1.29 12.35 2.33
86 355 Pedestrian -1 -1 2.55 745.61 566.60 826.95 665.66 1.66 0.93 1.06 0.90 0.88 18.54 2.60
87 352 Pedestrian -1 -1 2.78 161.57 597.03 285.32 764.02 1.79 0.90 1.01 -5.89 1.29 12.32 2.33
87 355 Pedestrian -1 -1 2.55 742.97 567.15 824.37 666.36 1.66 0.93 1.06 0.85 0.89 18.52 2.60
88 352 Pedestrian -1 -1 2.78 157.73 597.26 281.91 764.66 1.79 0.90 1.01 -5.92 1.29 12.30 2.33
88 355 Pedestrian -1 -1 2.56 740.32 567.71 821.78 667.06 1.66 0.93 1.06 0.81 0.90 18.49 2.60
89 352 Pedestrian -1 -1 2.78 153.88 597.49 278.48 765.29 1.79 0.90 1.01 -5.95 1.29 12.27 2.32
89 355 Pedestrian -1 -1 2.56 737.66 568.28 819.18 667.76 1.66 0.93 1.06 0.76 0.91 18.47 2.60
90 352 Pedestrian -1 -1 2.78 150.06 597.72 274.89 765.91 1.79 0.90 1.01 -5.98 1.30 12.25 2.33
90 355 Pedestrian -1 -1 2.57 735.00 568.84 816.57 668.46 1.66 0.93 1.06 0.71 0.92 18.44 2.61
91 352 Pedestrian -1 -1 2.78 146.23 597.95 271.29 766.53 1.79 0.90 1.01 -6.01 1.30 12.22 2.33
91 355 Pedestrian -1 -1 2.57 732.33 569.40 813.95 669.17 1.66 0.93 1.06 0.67 0.93 18.42 2.61
92 352 Pedestrian -1 -1 2.79 142.39 598.18 267.67 767.16 1.79 0.90 1.01 -6.04 1.30 12.20 2.33
92 355 Pedestrian -1 -1 2.57 729.66 568.77 811.34 668.67 1.66 0.93 1.06 0.62 0.91 18.39 2.61
93 352 Pedestrian -1 -1 2.79 138.53 598.42 264.03 767.78 1.79 0.90 1.01 -6.07 1.30 12.17 2.33
93 355 Pedestrian -1 -1 2.58 726.97 569.33 808.71 669.38 1.66 0.93 1.06 0.57 0.92 18.36 2.61
94 352 Pedestrian -1 -1 2.80 134.65 598.65 260.38 768.41 1.79 0.90 1.01 -6.10 1.30 12.15 2.33
94 355 Pedestrian -1 -1 2.58 724.28 569.90 806.07 670.09 1.66 0.93 1.06 0.53 0.93 18.34 2.61
95 352 Pedestrian -1 -1 2.80 130.76 598.88 256.72 769.05 1.79 0.90 1.01 -6.13 1.31 12.12 2.33
95 355 Pedestrian -1 -1 2.59 721.58 570.44 803.43 670.81 1.66 0.93 1.06 0.48 0.94 18.31 2.61
96 352 Pedestrian -1 -1 2.81 126.86 599.12 253.03 769.68 1.79 0.90 1.01 -6.16 1.31 12.10 2.33
96 355 Pedestrian -1 -1 2.59 718.88 570.99 800.77 671.52 1.66 0.93 1.06 0.43 0.95 18.29 2.62
97 352 Pedestrian -1 -1 2.81 122.93 599.35 249.34 770.32 1.79 0.90 1.01 -6.19 1.31 12.07 2.34
97 355 Pedestrian -1 -1 2.60 716.17 571.54 798.11 672.24 1.66 0.93 1.06 0.39 0.96 18.26 2.62
98 352 Pedestrian -1 -1 2.83 98.02 572.46 226.49 754.04 1.81 0.90 1.01 -6.36 1.05 11.89 2.34
98 355 Pedestrian -1 -1 2.60 713.45 572.09 795.44 672.96 1.66 0.93 1.06 0.34 0.97 18.24 2.62
99 352 Pedestrian -1 -1 2.82 115.04 599.83 241.89 771.60 1.79 0.90 1.01 -6.26 1.31 12.02 2.34
99 355 Pedestrian -1 -1 2.61 710.77 572.02 792.79 673.01 1.66 0.93 1.06 0.30 0.97 18.21 2.62
100 352 Pedestrian -1 -1 2.82 111.07 600.07 238.14 772.25 1.79 0.90 1.01 -6.29 1.32 12.00 2.34
100 355 Pedestrian -1 -1 2.61 708.08 571.96 790.14 673.07 1.66 0.93 1.06 0.25 0.97 18.19 2.62
101 352 Pedestrian -1 -1 2.83 107.09 600.31 234.38 772.90 1.79 0.90 1.01 -6.32 1.32 11.97 2.34
101 355 Pedestrian -1 -1 2.61 705.38 571.89 787.48 673.13 1.66 0.93 1.06 0.20 0.97 18.17 2.63
102 352 Pedestrian -1 -1 2.83 103.09 600.55 230.60 773.55 1.79 0.90 1.01 -6.35 1.32 11.95 2.34
102 355 Pedestrian -1 -1 2.62 702.68 571.82 784.81 673.19 1.66 0.93 1.06 0.16 0.97 18.15 2.63
103 352 Pedestrian -1 -1 2.84 99.07 600.79 226.80 774.21 1.79 0.90 1.01 -6.38 1.32 11.92 2.35
103 355 Pedestrian -1 -1 2.62 699.98 571.76 782.14 673.25 1.66 0.93 1.06 0.11 0.96 18.12 2.63
104 352 Pedestrian -1 -1 2.84 95.04 601.03 222.99 774.86 1.79 0.90 1.01 -6.41 1.32 11.90 2.35
104 355 Pedestrian -1 -1 2.63 697.27 571.69 779.46 673.30 1.66 0.93 1.06 0.07 0.96 18.10 2.63
105 352 Pedestrian -1 -1 2.85 90.99 601.28 219.16 775.53 1.79 0.90 1.01 -6.44 1.33 11.87 2.35
105 355 Pedestrian -1 -1 2.63 694.55 571.62 776.77 673.36 1.66 0.93 1.06 0.02 0.96 18.08 2.63
106 352 Pedestrian -1 -1 2.85 86.93 601.52 215.31 776.19 1.79 0.90 1.01 -6.47 1.33 11.84 2.35
106 355 Pedestrian -1 -1 2.64 691.82 571.55 774.07 673.42 1.66 0.93 1.06 -0.03 0.96 18.05 2.63
107 352 Pedestrian -1 -1 2.85 82.84 601.77 211.45 776.86 1.79 0.90 1.01 -6.50 1.33 11.82 2.35
107 355 Pedestrian -1 -1 2.64 689.09 571.49 771.37 673.48 1.66 0.93 1.06 -0.07 0.96 18.03 2.64
108 352 Pedestrian -1 -1 2.86 78.74 602.01 207.57 777.53 1.79 0.90 1.01 -6.53 1.33 11.79 2.35
108 355 Pedestrian -1 -1 2.64 686.35 571.42 768.65 673.54 1.66 0.93 1.06 -0.12 0.96 18.01 2.64
109 352 Pedestrian -1 -1 2.86 74.63 602.26 203.67 778.20 1.79 0.90 1.01 -6.56 1.33 11.77 2.35
109 355 Pedestrian -1 -1 2.65 683.61 571.35 765.94 673.60 1.66 0.93 1.06 -0.16 0.96 17.99 2.64
110 352 Pedestrian -1 -1 2.87 70.50 602.51 199.75 778.87 1.79 0.90 1.01 -6.59 1.34 11.74 2.36
110 355 Pedestrian -1 -1 2.65 680.86 571.28 763.21 673.66 1.66 0.93 1.06 -0.21 0.95 17.96 2.64
111 352 Pedestrian -1 -1 2.87 66.35 602.76 195.82 779.55 1.79 0.90 1.01 -6.62 1.34 11.72 2.36
111 355 Pedestrian -1 -1 2.66 678.10 571.21 760.48 673.72 1.66 0.93 1.06 -0.26 0.95 17.94 2.64
112 352 Pedestrian -1 -1 2.88 62.18 603.01 191.87 780.23 1.79 0.90 1.01 -6.65 1.34 11.69 2.36
112 355 Pedestrian -1 -1 2.66 675.34 571.14 757.73 673.78 1.66 0.93 1.06 -0.30 0.95 17.92 2.65
113 352 Pedestrian -1 -1 2.88 58.00 603.26 187.90 780.92 1.79 0.90 1.01 -6.68 1.34 11.67 2.36
113 355 Pedestrian -1 -1 2.67 672.57 571.08 754.99 673.84 1.66 0.93 1.06 -0.35 0.95 17.90 2.65
114 352 Pedestrian -1 -1 2.89 53.80 603.51 183.91 781.61 1.79 0.90 1.01 -6.71 1.34 11.64 2.36
114 355 Pedestrian -1 -1 2.67 669.79 571.01 752.23 673.90 1.66 0.93 1.06 -0.39 0.95 17.87 2.65
115 352 Pedestrian -1 -1 2.89 49.58 603.77 179.90 782.30 1.79 0.90 1.01 -6.74 1.35 11.62 2.36
115 355 Pedestrian -1 -1 2.68 667.01 570.94 749.46 673.96 1.66 0.93 1.06 -0.44 0.95 17.85 2.65
116 352 Pedestrian -1 -1 2.89 45.35 604.02 175.88 782.99 1.79 0.90 1.01 -6.77 1.35 11.59 2.37
116 355 Pedestrian -1 -1 2.68 664.22 570.87 746.69 674.02 1.66 0.93 1.06 -0.49 0.95 17.83 2.65
117 352 Pedestrian -1 -1 2.90 41.09 604.28 171.84 783.69 1.79 0.90 1.01 -6.80 1.35 11.57 2.37
117 355 Pedestrian -1 -1 2.68 661.42 570.80 743.91 674.08 1.66 0.93 1.06 -0.53 0.95 17.80 2.66
118 352 Pedestrian -1 -1 2.90 36.82 604.53 167.78 784.39 1.79 0.90 1.01 -6.83 1.35 11.54 2.37
118 355 Pedestrian -1 -1 2.69 658.62 570.73 741.13 674.14 1.66 0.93 1.06 -0.58 0.94 17.78 2.66
119 352 Pedestrian -1 -1 2.91 32.54 604.79 163.70 785.09 1.79 0.90 1.01 -6.86 1.35 11.52 2.37
119 355 Pedestrian -1 -1 2.70 656.01 570.76 738.34 674.28 1.66 0.93 1.06 -0.62 0.94 17.76 2.67
120 352 Pedestrian -1 -1 2.91 28.23 605.05 159.60 785.80 1.79 0.90 1.01 -6.89 1.36 11.49 2.37
120 355 Pedestrian -1 -1 2.71 653.39 570.80 735.54 674.43 1.66 0.93 1.06 -0.67 0.94 17.74 2.68
121 352 Pedestrian -1 -1 2.92 23.91 605.31 155.49 786.51 1.79 0.90 1.01 -6.92 1.36 11.47 2.37
121 355 Pedestrian -1 -1 2.73 650.77 570.83 732.74 674.57 1.66 0.93 1.06 -0.71 0.95 17.72 2.69
122 352 Pedestrian -1 -1 2.92 19.56 605.57 151.35 787.23 1.79 0.90 1.01 -6.95 1.36 11.44 2.38
122 355 Pedestrian -1 -1 2.74 648.16 570.87 729.91 674.72 1.66 0.93 1.06 -0.76 0.95 17.70 2.69
123 352 Pedestrian -1 -1 2.93 15.20 605.84 147.20 787.94 1.79 0.90 1.01 -6.98 1.36 11.42 2.38
123 355 Pedestrian -1 -1 2.75 645.54 570.90 727.08 674.86 1.66 0.93 1.06 -0.80 0.95 17.68 2.70
124 352 Pedestrian -1 -1 2.93 10.83 606.10 143.02 788.66 1.79 0.90 1.01 -7.01 1.36 11.39 2.38
124 355 Pedestrian -1 -1 2.76 642.92 570.93 724.23 675.00 1.66 0.93 1.06 -0.84 0.95 17.65 2.71
125 352 Pedestrian -1 -1 2.93 6.43 606.36 138.83 789.39 1.79 0.90 1.01 -7.04 1.37 11.37 2.38
125 355 Pedestrian -1 -1 2.77 640.30 570.96 721.37 675.15 1.66 0.93 1.06 -0.89 0.95 17.63 2.72
126 352 Pedestrian -1 -1 2.94 2.01 606.63 134.62 790.11 1.79 0.90 1.01 -7.07 1.37 11.34 2.38
126 355 Pedestrian -1 -1 2.79 637.68 570.99 718.50 675.29 1.66 0.93 1.06 -0.93 0.95 17.61 2.73
127 355 Pedestrian -1 -1 2.80 635.06 571.02 715.62 675.44 1.66 0.93 1.06 -0.98 0.95 17.59 2.74
128 355 Pedestrian -1 -1 2.81 632.44 571.05 712.72 675.58 1.66 0.93 1.06 -1.02 0.95 17.57 2.75
129 355 Pedestrian -1 -1 2.82 629.82 571.09 709.81 675.72 1.66 0.93 1.06 -1.07 0.95 17.55 2.76
130 355 Pedestrian -1 -1 2.83 627.19 571.12 706.88 675.87 1.66 0.93 1.06 -1.11 0.95 17.53 2.77
131 355 Pedestrian -1 -1 2.85 624.57 571.15 703.95 676.01 1.66 0.93 1.06 -1.16 0.95 17.51 2.78
132 355 Pedestrian -1 -1 2.86 621.94 571.18 701.00 676.15 1.66 0.93 1.06 -1.20 0.95 17.49 2.79
133 355 Pedestrian -1 -1 2.87 619.32 571.21 698.04 676.30 1.66 0.93 1.06 -1.24 0.95 17.46 2.80
134 355 Pedestrian -1 -1 2.88 616.69 571.25 695.06 676.44 1.66 0.93 1.06 -1.29 0.95 17.44 2.81
135 355 Pedestrian -1 -1 2.89 614.06 571.28 692.07 676.59 1.66 0.93 1.06 -1.33 0.95 17.42 2.82
136 355 Pedestrian -1 -1 2.91 611.43 571.31 689.07 676.73 1.66 0.93 1.06 -1.38 0.95 17.40 2.83
137 355 Pedestrian -1 -1 2.92 608.80 571.34 686.06 676.87 1.66 0.93 1.06 -1.42 0.95 17.38 2.84
138 355 Pedestrian -1 -1 2.93 606.17 571.38 683.03 677.02 1.66 0.93 1.06 -1.47 0.95 17.36 2.85
139 355 Pedestrian -1 -1 2.94 603.33 572.21 680.00 677.92 1.66 0.93 1.06 -1.51 0.97 17.35 2.85
140 355 Pedestrian -1 -1 2.94 600.48 573.02 676.98 678.81 1.66 0.93 1.06 -1.56 0.98 17.33 2.85
141 355 Pedestrian -1 -1 2.95 597.64 573.81 673.94 679.71 1.66 0.93 1.06 -1.61 0.99 17.32 2.86
142 355 Pedestrian -1 -1 2.95 594.79 574.60 670.90 680.62 1.66 0.93 1.06 -1.65 1.00 17.31 2.86
143 355 Pedestrian -1 -1 2.96 591.94 575.39 667.86 681.52 1.66 0.93 1.06 -1.70 1.02 17.30 2.86
144 355 Pedestrian -1 -1 2.97 589.08 576.19 664.81 682.42 1.66 0.93 1.06 -1.75 1.03 17.29 2.87
145 355 Pedestrian -1 -1 2.97 586.22 576.98 661.75 683.32 1.66 0.93 1.06 -1.79 1.04 17.27 2.87
146 355 Pedestrian -1 -1 2.98 583.36 577.78 658.69 684.23 1.66 0.93 1.06 -1.84 1.06 17.26 2.87
147 355 Pedestrian -1 -1 2.99 580.50 578.57 655.62 685.14 1.66 0.93 1.06 -1.89 1.07 17.25 2.88
148 355 Pedestrian -1 -1 2.99 577.63 579.37 652.55 686.04 1.66 0.93 1.06 -1.93 1.08 17.24 2.88
149 355 Pedestrian -1 -1 3.00 574.77 580.17 649.47 686.95 1.66 0.93 1.06 -1.98 1.09 17.23 2.88
150 355 Pedestrian -1 -1 3.00 571.89 580.96 646.39 687.86 1.66 0.93 1.06 -2.03 1.11 17.21 2.89
151 355 Pedestrian -1 -1 3.01 569.02 581.76 643.30 688.77 1.66 0.93 1.06 -2.07 1.12 17.20 2.89
152 355 Pedestrian -1 -1 3.02 566.39 581.80 640.22 688.86 1.66 0.93 1.06 -2.12 1.12 17.19 2.90
153 355 Pedestrian -1 -1 3.03 563.75 581.85 637.15 688.94 1.66 0.93 1.06 -2.16 1.12 17.18 2.90
154 355 Pedestrian -1 -1 3.04 561.12 581.89 634.06 689.02 1.66 0.93 1.06 -2.21 1.12 17.17 2.91
155 355 Pedestrian -1 -1 3.05 558.49 581.93 630.96 689.10 1.66 0.93 1.06 -2.25 1.12 17.16 2.92
156 355 Pedestrian -1 -1 3.06 555.86 581.97 627.86 689.18 1.66 0.93 1.06 -2.30 1.12 17.16 2.93
157 355 Pedestrian -1 -1 3.08 553.11 582.01 624.39 689.25 1.66 0.93 1.06 -2.35 1.12 17.14 2.94
158 355 Pedestrian -1 -1 3.09 550.36 582.05 620.91 689.32 1.66 0.93 1.06 -2.40 1.12 17.13 2.95
159 355 Pedestrian -1 -1 3.11 547.61 582.09 617.41 689.39 1.66 0.93 1.06 -2.45 1.12 17.12 2.96
160 355 Pedestrian -1 -1 3.12 544.32 582.13 613.90 689.47 1.66 0.93 1.06 -2.49 1.13 17.11 2.98
161 355 Pedestrian -1 -1 3.13 540.69 582.17 610.38 689.54 1.66 0.93 1.06 -2.54 1.13 17.10 2.99
162 355 Pedestrian -1 -1 -3.13 537.08 582.21 606.85 689.61 1.66 0.93 1.06 -2.59 1.13 17.09 3.00
163 355 Pedestrian -1 -1 -3.12 533.46 582.25 603.30 689.68 1.66 0.93 1.06 -2.64 1.13 17.08 3.01
164 355 Pedestrian -1 -1 -3.10 529.85 582.29 600.12 689.75 1.66 0.93 1.06 -2.69 1.13 17.07 3.02
165 355 Pedestrian -1 -1 -3.08 525.95 582.33 597.73 689.78 1.66 0.93 1.06 -2.74 1.13 17.06 3.05
166 355 Pedestrian -1 -1 -3.05 522.08 582.37 595.32 689.91 1.66 0.93 1.06 -2.79 1.13 17.05 3.07
167 355 Pedestrian -1 -1 -3.03 518.44 582.41 592.87 690.03 1.66 0.93 1.06 -2.83 1.13 17.05 3.09
168 355 Pedestrian -1 -1 -3.01 514.83 582.45 590.39 690.15 1.66 0.93 1.06 -2.88 1.13 17.04 3.11
169 355 Pedestrian -1 -1 -2.99 511.22 582.49 587.90 690.27 1.66 0.93 1.06 -2.93 1.13 17.04 3.13
170 355 Pedestrian -1 -1 -2.97 507.64 582.53 585.40 690.39 1.66 0.93 1.06 -2.98 1.13 17.04 -3.14
171 355 Pedestrian -1 -1 -2.94 504.07 582.57 582.88 690.51 1.66 0.93 1.06 -3.03 1.13 17.04 -3.12
172 355 Pedestrian -1 -1 -2.92 500.53 582.60 580.34 690.62 1.66 0.93 1.06 -3.08 1.13 17.04 -3.10
173 355 Pedestrian -1 -1 -2.90 497.00 582.64 577.78 690.74 1.66 0.93 1.06 -3.12 1.13 17.03 -3.08
174 355 Pedestrian -1 -1 -2.88 493.49 582.68 575.21 690.85 1.66 0.93 1.06 -3.17 1.13 17.03 -3.06
175 355 Pedestrian -1 -1 -2.86 490.00 582.72 572.62 690.96 1.66 0.93 1.06 -3.22 1.13 17.03 -3.04
176 355 Pedestrian -1 -1 -2.86 486.80 582.69 569.47 690.90 1.66 0.93 1.06 -3.27 1.13 17.03 -3.05
177 355 Pedestrian -1 -1 -2.86 483.60 582.66 566.32 690.84 1.66 0.93 1.06 -3.32 1.13 17.04 -3.05
178 355 Pedestrian -1 -1 -2.86 480.40 582.63 563.17 690.78 1.66 0.93 1.06 -3.37 1.13 17.04 -3.05
179 355 Pedestrian -1 -1 -2.85 477.21 582.60 560.03 690.71 1.66 0.93 1.06 -3.43 1.13 17.04 -3.05
180 355 Pedestrian -1 -1 -2.85 474.01 582.57 556.88 690.65 1.66 0.93 1.06 -3.48 1.13 17.05 -3.06
180 356 Pedestrian -1 -1 2.81 1233.98 604.60 1437.98 920.33 1.79 0.78 0.89 3.70 1.16 6.63 -2.96
181 355 Pedestrian -1 -1 -2.85 470.82 582.54 553.74 690.59 1.66 0.93 1.06 -3.53 1.13 17.05 -3.06
181 356 Pedestrian -1 -1 2.81 1227.50 604.51 1430.37 919.70 1.79 0.78 0.89 3.66 1.16 6.64 -2.97
182 355 Pedestrian -1 -1 -2.85 467.62 582.51 550.60 690.53 1.66 0.93 1.06 -3.58 1.13 17.05 -3.06
182 356 Pedestrian -1 -1 2.82 1221.04 604.42 1422.79 919.07 1.79 0.78 0.89 3.62 1.16 6.65 -2.97
183 355 Pedestrian -1 -1 -2.85 464.43 582.48 547.46 690.47 1.66 0.93 1.06 -3.63 1.13 17.06 -3.06
183 356 Pedestrian -1 -1 2.82 1214.59 604.33 1415.24 918.44 1.79 0.78 0.89 3.58 1.16 6.66 -2.97
184 355 Pedestrian -1 -1 -2.85 461.24 582.45 544.32 690.40 1.66 0.93 1.06 -3.68 1.13 17.06 -3.07
184 356 Pedestrian -1 -1 2.82 1208.17 604.24 1407.71 917.82 1.79 0.78 0.89 3.54 1.16 6.67 -2.97
185 355 Pedestrian -1 -1 -2.85 458.05 582.41 541.19 690.34 1.66 0.93 1.06 -3.73 1.13 17.06 -3.07
185 356 Pedestrian -1 -1 2.83 1201.75 604.15 1400.20 917.20 1.79 0.78 0.89 3.51 1.16 6.68 -2.97
186 355 Pedestrian -1 -1 -2.82 454.80 582.39 538.96 690.33 1.66 0.93 1.06 -3.78 1.13 17.07 -3.04
186 356 Pedestrian -1 -1 2.83 1195.36 604.06 1392.72 916.58 1.79 0.78 0.89 3.47 1.16 6.69 -2.97
187 355 Pedestrian -1 -1 -2.80 451.59 582.36 536.72 690.31 1.66 0.93 1.06 -3.83 1.13 17.08 -3.02
187 356 Pedestrian -1 -1 2.83 1188.98 603.97 1385.26 915.96 1.79 0.78 0.89 3.43 1.16 6.70 -2.98
188 355 Pedestrian -1 -1 -2.77 448.41 582.33 534.44 690.28 1.66 0.93 1.06 -3.87 1.13 17.09 -2.99
188 356 Pedestrian -1 -1 2.84 1182.93 603.88 1378.20 915.37 1.79 0.78 0.89 3.39 1.16 6.71 -2.98
189 355 Pedestrian -1 -1 -2.74 445.28 582.31 532.13 690.26 1.66 0.93 1.06 -3.92 1.13 17.10 -2.97
189 356 Pedestrian -1 -1 2.84 1176.89 603.80 1371.16 914.77 1.79 0.78 0.89 3.36 1.16 6.72 -2.98
190 355 Pedestrian -1 -1 -2.71 442.18 582.28 529.80 690.23 1.66 0.93 1.06 -3.96 1.13 17.11 -2.94
190 356 Pedestrian -1 -1 2.84 1170.88 603.71 1364.14 914.18 1.79 0.78 0.89 3.32 1.16 6.73 -2.98
191 355 Pedestrian -1 -1 -2.68 439.12 582.26 527.44 690.20 1.66 0.93 1.06 -4.01 1.13 17.12 -2.91
191 356 Pedestrian -1 -1 2.85 1164.87 603.63 1357.15 913.60 1.79 0.78 0.89 3.29 1.16 6.74 -2.98
192 355 Pedestrian -1 -1 -2.66 436.10 582.23 525.05 690.17 1.66 0.93 1.06 -4.06 1.13 17.13 -2.89
192 356 Pedestrian -1 -1 2.85 1158.88 603.54 1350.17 913.01 1.79 0.78 0.89 3.25 1.16 6.75 -2.98
193 355 Pedestrian -1 -1 -2.63 433.12 582.21 522.63 690.14 1.66 0.93 1.06 -4.10 1.13 17.14 -2.86
193 356 Pedestrian -1 -1 2.85 1152.91 603.46 1343.22 912.43 1.79 0.78 0.89 3.21 1.16 6.76 -2.99
194 355 Pedestrian -1 -1 -2.60 430.18 582.18 520.17 690.10 1.66 0.93 1.06 -4.15 1.13 17.15 -2.84
194 356 Pedestrian -1 -1 2.86 1146.95 603.38 1336.29 911.84 1.79 0.78 0.89 3.18 1.16 6.77 -2.99
195 355 Pedestrian -1 -1 -2.60 427.33 582.15 517.35 689.99 1.66 0.93 1.06 -4.20 1.13 17.16 -2.84
195 356 Pedestrian -1 -1 2.86 1141.00 603.29 1329.38 911.26 1.79 0.78 0.89 3.14 1.16 6.78 -2.99
196 355 Pedestrian -1 -1 -2.60 424.49 582.12 514.52 689.88 1.66 0.93 1.06 -4.25 1.13 17.17 -2.84
196 356 Pedestrian -1 -1 2.86 1135.07 603.21 1322.49 910.68 1.79 0.78 0.89 3.10 1.16 6.78 -2.99
197 355 Pedestrian -1 -1 -2.60 421.65 582.09 511.70 689.77 1.66 0.93 1.06 -4.29 1.12 17.18 -2.84
197 356 Pedestrian -1 -1 2.87 1129.16 603.12 1315.62 910.11 1.79 0.78 0.89 3.07 1.16 6.79 -2.99
198 355 Pedestrian -1 -1 -2.59 418.81 582.06 508.89 689.66 1.66 0.93 1.06 -4.34 1.12 17.20 -2.84
198 356 Pedestrian -1 -1 2.87 1123.25 603.04 1308.77 909.53 1.79 0.78 0.89 3.03 1.16 6.80 -2.99
199 355 Pedestrian -1 -1 -2.59 415.97 582.03 506.07 689.55 1.66 0.93 1.06 -4.39 1.12 17.21 -2.84
199 356 Pedestrian -1 -1 2.87 1117.36 602.96 1301.95 908.96 1.79 0.78 0.89 3.00 1.16 6.81 -3.00
200 355 Pedestrian -1 -1 -2.59 413.14 581.99 503.27 689.44 1.66 0.93 1.06 -4.44 1.12 17.22 -2.84
200 356 Pedestrian -1 -1 2.88 1111.49 602.88 1295.14 908.38 1.79 0.78 0.89 2.96 1.16 6.82 -3.00
201 355 Pedestrian -1 -1 -2.59 410.32 581.96 500.46 689.33 1.66 0.93 1.06 -4.49 1.12 17.23 -2.84
201 356 Pedestrian -1 -1 2.88 1105.63 602.79 1288.36 907.81 1.79 0.78 0.89 2.92 1.16 6.83 -3.00
202 355 Pedestrian -1 -1 -2.59 407.50 581.93 497.66 689.23 1.66 0.93 1.06 -4.54 1.12 17.24 -2.85
202 356 Pedestrian -1 -1 2.88 1099.78 602.71 1281.59 907.24 1.79 0.78 0.89 2.89 1.16 6.84 -3.00
203 355 Pedestrian -1 -1 -2.59 404.68 581.90 494.86 689.12 1.66 0.93 1.06 -4.58 1.12 17.25 -2.85
203 356 Pedestrian -1 -1 2.89 1093.95 602.63 1274.85 906.68 1.79 0.78 0.89 2.85 1.16 6.85 -3.00
204 355 Pedestrian -1 -1 -2.59 401.86 581.87 492.07 689.01 1.66 0.93 1.06 -4.63 1.12 17.26 -2.85
204 356 Pedestrian -1 -1 2.89 1088.14 602.55 1268.13 906.11 1.79 0.78 0.89 2.82 1.16 6.86 -3.00
205 355 Pedestrian -1 -1 -2.58 399.05 581.84 489.28 688.90 1.66 0.93 1.06 -4.68 1.12 17.28 -2.85
205 356 Pedestrian -1 -1 2.90 1081.18 602.45 1259.89 905.52 1.79 0.78 0.89 2.77 1.16 6.87 -3.00
206 355 Pedestrian -1 -1 -2.58 396.24 581.81 486.49 688.79 1.66 0.93 1.06 -4.73 1.12 17.29 -2.85
206 356 Pedestrian -1 -1 2.90 1074.25 602.35 1251.69 904.93 1.79 0.78 0.89 2.73 1.16 6.88 -3.00
207 355 Pedestrian -1 -1 -2.57 393.42 581.77 483.76 688.64 1.66 0.93 1.06 -4.78 1.12 17.31 -2.84
207 356 Pedestrian -1 -1 2.91 1067.34 602.25 1243.50 904.34 1.79 0.78 0.89 2.68 1.16 6.89 -3.00
208 355 Pedestrian -1 -1 -2.56 390.61 581.74 481.04 688.49 1.66 0.93 1.06 -4.83 1.12 17.33 -2.84
208 356 Pedestrian -1 -1 2.92 1060.50 602.16 1235.46 903.85 1.79 0.78 0.89 2.64 1.16 6.90 -3.00
209 355 Pedestrian -1 -1 -2.55 387.80 581.71 478.31 688.34 1.66 0.93 1.06 -4.88 1.12 17.35 -2.83
209 356 Pedestrian -1 -1 2.92 1053.67 602.07 1227.43 903.37 1.79 0.78 0.89 2.59 1.16 6.91 -3.00
210 355 Pedestrian -1 -1 -2.55 385.01 581.67 475.59 688.19 1.66 0.93 1.06 -4.93 1.12 17.37 -2.82
210 356 Pedestrian -1 -1 2.93 1046.86 601.98 1219.42 902.89 1.79 0.78 0.89 2.55 1.15 6.91 -3.00
211 355 Pedestrian -1 -1 -2.54 382.23 581.64 472.87 688.04 1.66 0.93 1.06 -4.98 1.12 17.39 -2.82
211 356 Pedestrian -1 -1 2.94 1040.07 601.89 1211.44 902.40 1.79 0.78 0.89 2.50 1.15 6.92 -3.00
212 355 Pedestrian -1 -1 -2.53 379.46 581.61 470.15 687.89 1.66 0.93 1.06 -5.03 1.12 17.41 -2.81
212 356 Pedestrian -1 -1 2.94 1033.29 601.80 1203.47 901.92 1.79 0.78 0.89 2.46 1.15 6.93 -3.00
213 355 Pedestrian -1 -1 -2.52 376.70 581.57 467.43 687.74 1.66 0.93 1.06 -5.08 1.12 17.43 -2.80
213 356 Pedestrian -1 -1 2.95 1026.53 601.71 1195.52 901.44 1.79 0.78 0.89 2.42 1.15 6.94 -3.00
214 355 Pedestrian -1 -1 -2.51 373.95 581.54 464.72 687.59 1.66 0.93 1.06 -5.14 1.12 17.45 -2.79
214 356 Pedestrian -1 -1 2.96 1019.78 601.62 1187.60 900.96 1.79 0.78 0.89 2.37 1.15 6.95 -3.00
215 355 Pedestrian -1 -1 -2.50 371.21 581.51 462.01 687.44 1.66 0.93 1.06 -5.19 1.12 17.47 -2.79
215 356 Pedestrian -1 -1 2.96 1013.05 601.53 1179.69 900.48 1.79 0.78 0.89 2.33 1.15 6.96 -3.00
216 355 Pedestrian -1 -1 -2.49 368.48 581.48 459.31 687.29 1.66 0.93 1.06 -5.24 1.12 17.49 -2.78
216 356 Pedestrian -1 -1 2.97 1006.33 601.44 1171.80 900.01 1.79 0.78 0.89 2.28 1.15 6.96 -3.00
217 355 Pedestrian -1 -1 -2.48 365.76 581.44 456.60 687.14 1.66 0.93 1.06 -5.29 1.12 17.51 -2.77
217 356 Pedestrian -1 -1 2.98 999.63 601.35 1163.94 899.53 1.79 0.78 0.89 2.24 1.15 6.97 -3.00
218 355 Pedestrian -1 -1 -2.47 363.05 581.41 453.90 686.99 1.66 0.93 1.06 -5.34 1.12 17.53 -2.77
218 356 Pedestrian -1 -1 2.98 994.12 601.27 1157.45 899.13 1.79 0.78 0.89 2.20 1.15 6.98 -3.00
219 355 Pedestrian -1 -1 -2.46 360.35 581.38 451.20 686.84 1.66 0.93 1.06 -5.39 1.12 17.55 -2.76
219 356 Pedestrian -1 -1 2.99 988.62 601.20 1150.99 898.72 1.79 0.78 0.89 2.16 1.15 6.99 -3.00
220 355 Pedestrian -1 -1 -2.45 357.94 581.35 448.76 686.68 1.66 0.93 1.06 -5.44 1.12 17.57 -2.75
220 356 Pedestrian -1 -1 2.99 983.14 601.13 1144.53 898.32 1.79 0.78 0.89 2.13 1.15 6.99 -3.00
221 355 Pedestrian -1 -1 -2.44 355.53 581.32 446.32 686.51 1.66 0.93 1.06 -5.48 1.12 17.59 -2.75
221 356 Pedestrian -1 -1 3.00 977.66 601.05 1138.09 897.91 1.79 0.78 0.89 2.09 1.15 7.00 -3.00
222 355 Pedestrian -1 -1 -2.43 353.14 581.28 443.89 686.35 1.66 0.93 1.06 -5.53 1.12 17.61 -2.74
222 356 Pedestrian -1 -1 3.00 972.20 600.98 1131.66 897.51 1.79 0.78 0.89 2.05 1.15 7.01 -2.99
223 355 Pedestrian -1 -1 -2.43 350.76 581.25 441.45 686.18 1.66 0.93 1.06 -5.58 1.12 17.64 -2.73
223 356 Pedestrian -1 -1 3.01 966.75 600.90 1125.25 897.11 1.79 0.78 0.89 2.02 1.15 7.02 -2.99
224 355 Pedestrian -1 -1 -2.42 348.38 581.22 439.03 686.02 1.66 0.93 1.06 -5.62 1.12 17.66 -2.72
224 356 Pedestrian -1 -1 3.01 961.30 600.83 1118.85 896.71 1.79 0.78 0.89 1.98 1.15 7.02 -2.99
225 355 Pedestrian -1 -1 -2.41 346.02 581.19 436.60 685.85 1.66 0.93 1.06 -5.67 1.12 17.68 -2.72
225 356 Pedestrian -1 -1 3.02 955.87 600.76 1112.47 896.30 1.79 0.78 0.89 1.94 1.15 7.03 -2.99
226 355 Pedestrian -1 -1 -2.40 343.66 581.16 434.18 685.69 1.66 0.93 1.06 -5.72 1.12 17.71 -2.71
226 356 Pedestrian -1 -1 3.03 950.45 600.68 1106.09 895.91 1.79 0.78 0.89 1.91 1.15 7.04 -2.99
227 355 Pedestrian -1 -1 -2.39 341.32 581.13 431.75 685.53 1.66 0.93 1.06 -5.77 1.12 17.73 -2.70
227 356 Pedestrian -1 -1 3.03 945.04 600.61 1099.74 895.51 1.79 0.78 0.89 1.87 1.15 7.04 -2.99
228 355 Pedestrian -1 -1 -2.38 338.98 581.10 429.34 685.36 1.66 0.93 1.06 -5.81 1.12 17.75 -2.70
228 356 Pedestrian -1 -1 3.02 938.16 600.56 1094.15 894.86 1.79 0.78 0.89 1.83 1.15 7.05 -3.01
229 355 Pedestrian -1 -1 -2.37 336.66 581.07 426.92 685.20 1.66 0.93 1.06 -5.86 1.12 17.77 -2.69
229 356 Pedestrian -1 -1 3.00 931.30 600.51 1088.54 894.22 1.79 0.78 0.89 1.79 1.15 7.05 -3.03
230 355 Pedestrian -1 -1 -2.34 334.59 581.05 424.65 685.06 1.66 0.93 1.06 -5.90 1.12 17.80 -2.67
230 356 Pedestrian -1 -1 2.99 924.46 600.45 1082.92 893.56 1.79 0.78 0.89 1.75 1.15 7.06 -3.05
231 355 Pedestrian -1 -1 -2.32 332.55 581.02 422.35 684.91 1.66 0.93 1.06 -5.95 1.12 17.82 -2.64
231 356 Pedestrian -1 -1 2.97 917.65 600.40 1077.28 892.90 1.79 0.78 0.89 1.71 1.15 7.06 -3.08
232 355 Pedestrian -1 -1 -2.29 330.55 580.98 420.02 684.77 1.66 0.93 1.06 -5.99 1.12 17.84 -2.62
232 356 Pedestrian -1 -1 2.96 910.85 600.35 1071.62 892.23 1.79 0.78 0.89 1.67 1.15 7.07 -3.10
233 355 Pedestrian -1 -1 -2.27 328.59 580.94 417.67 684.62 1.66 0.93 1.06 -6.04 1.12 17.87 -2.59
233 356 Pedestrian -1 -1 2.94 904.08 600.30 1065.95 891.56 1.79 0.78 0.89 1.63 1.15 7.07 -3.12
234 355 Pedestrian -1 -1 -2.24 326.67 580.90 415.30 684.46 1.66 0.93 1.06 -6.08 1.12 17.89 -2.57
234 356 Pedestrian -1 -1 2.92 897.33 600.26 1060.27 890.88 1.79 0.78 0.89 1.59 1.15 7.07 -3.14
235 355 Pedestrian -1 -1 -2.21 324.77 580.86 412.91 684.31 1.66 0.93 1.06 -6.13 1.12 17.91 -2.54
235 356 Pedestrian -1 -1 2.91 890.60 600.21 1054.56 890.19 1.79 0.78 0.89 1.55 1.15 7.08 3.13
236 355 Pedestrian -1 -1 -2.19 322.92 580.82 410.49 684.15 1.66 0.93 1.06 -6.17 1.12 17.94 -2.52
236 356 Pedestrian -1 -1 2.89 883.89 600.16 1048.85 889.71 1.79 0.78 0.89 1.51 1.15 7.08 3.10
237 355 Pedestrian -1 -1 -2.16 321.09 580.79 408.04 684.00 1.66 0.93 1.06 -6.22 1.12 17.96 -2.49
237 356 Pedestrian -1 -1 2.88 877.21 600.12 1043.12 889.88 1.79 0.78 0.89 1.47 1.15 7.09 3.08
238 355 Pedestrian -1 -1 -2.15 319.49 580.75 406.07 683.79 1.66 0.93 1.06 -6.26 1.12 17.99 -2.48
238 356 Pedestrian -1 -1 2.87 870.93 600.08 1037.21 890.15 1.79 0.78 0.89 1.43 1.15 7.09 3.07
239 355 Pedestrian -1 -1 -2.14 317.89 580.72 404.09 683.59 1.66 0.93 1.06 -6.30 1.12 18.02 -2.47
239 356 Pedestrian -1 -1 2.87 864.64 600.05 1031.30 890.42 1.79 0.78 0.89 1.39 1.15 7.08 3.06
240 355 Pedestrian -1 -1 -2.13 316.30 580.69 402.11 683.38 1.66 0.93 1.06 -6.34 1.11 18.05 -2.46
240 356 Pedestrian -1 -1 2.86 858.36 600.01 1025.38 890.69 1.79 0.78 0.89 1.35 1.15 7.08 3.05
241 355 Pedestrian -1 -1 -2.11 314.73 580.65 400.14 683.18 1.66 0.93 1.06 -6.38 1.11 18.08 -2.45
241 356 Pedestrian -1 -1 2.85 852.07 599.98 1019.45 890.96 1.79 0.78 0.89 1.31 1.15 7.08 3.04
242 355 Pedestrian -1 -1 -2.10 313.16 580.62 398.16 682.98 1.66 0.93 1.06 -6.42 1.11 18.11 -2.44
242 356 Pedestrian -1 -1 2.85 845.78 599.94 1013.52 891.22 1.79 0.78 0.89 1.27 1.14 7.08 3.03
243 355 Pedestrian -1 -1 -2.09 311.61 580.59 396.19 682.77 1.66 0.93 1.06 -6.46 1.11 18.14 -2.43
243 356 Pedestrian -1 -1 2.84 839.48 599.91 1007.58 891.49 1.79 0.78 0.89 1.23 1.14 7.08 3.01
244 355 Pedestrian -1 -1 -2.08 310.06 580.56 394.22 682.57 1.66 0.93 1.06 -6.50 1.11 18.17 -2.42
244 356 Pedestrian -1 -1 2.84 833.18 599.87 1001.64 891.74 1.79 0.78 0.89 1.19 1.14 7.07 3.00
245 355 Pedestrian -1 -1 -2.07 308.53 580.52 392.24 682.37 1.66 0.93 1.06 -6.54 1.11 18.20 -2.41
245 356 Pedestrian -1 -1 2.83 826.88 599.84 995.69 892.00 1.79 0.78 0.89 1.15 1.14 7.07 2.99
246 355 Pedestrian -1 -1 -2.06 307.23 580.49 390.58 682.14 1.66 0.93 1.06 -6.58 1.11 18.23 -2.41
246 356 Pedestrian -1 -1 2.82 820.58 599.80 989.73 892.26 1.79 0.78 0.89 1.11 1.14 7.07 2.98
247 355 Pedestrian -1 -1 -2.05 305.93 580.46 388.93 681.91 1.66 0.93 1.06 -6.62 1.11 18.26 -2.40
247 356 Pedestrian -1 -1 2.82 815.12 599.79 984.81 892.74 1.79 0.78 0.89 1.07 1.14 7.06 2.97
248 355 Pedestrian -1 -1 -2.04 304.65 580.43 387.28 681.68 1.66 0.93 1.06 -6.66 1.11 18.30 -2.39
248 356 Pedestrian -1 -1 2.81 809.66 599.78 979.88 893.23 1.79 0.78 0.89 1.04 1.14 7.06 2.95
249 355 Pedestrian -1 -1 -2.04 303.37 580.40 385.63 681.45 1.66 0.93 1.06 -6.69 1.11 18.33 -2.39
249 356 Pedestrian -1 -1 2.80 804.19 599.77 974.93 893.71 1.79 0.78 0.89 1.00 1.14 7.05 2.94
250 355 Pedestrian -1 -1 -2.03 302.10 580.37 383.98 681.22 1.66 0.93 1.06 -6.73 1.11 18.37 -2.38
250 356 Pedestrian -1 -1 2.79 798.70 599.76 969.97 894.19 1.79 0.78 0.89 0.97 1.14 7.04 2.93
251 355 Pedestrian -1 -1 -2.02 300.83 580.34 382.34 680.99 1.66 0.93 1.06 -6.77 1.11 18.40 -2.37
251 356 Pedestrian -1 -1 2.79 793.21 599.75 965.00 894.67 1.79 0.78 0.89 0.93 1.14 7.04 2.92
252 355 Pedestrian -1 -1 -2.01 299.57 580.31 380.70 680.77 1.66 0.93 1.06 -6.81 1.11 18.44 -2.37
252 356 Pedestrian -1 -1 2.78 787.72 599.74 960.01 895.14 1.79 0.78 0.89 0.90 1.14 7.03 2.91
253 355 Pedestrian -1 -1 -2.01 298.32 580.28 379.07 680.54 1.66 0.93 1.06 -6.85 1.11 18.47 -2.36
253 356 Pedestrian -1 -1 2.77 782.21 599.73 955.01 895.62 1.79 0.78 0.89 0.86 1.14 7.02 2.90
254 355 Pedestrian -1 -1 -2.00 297.08 580.25 377.44 680.32 1.66 0.93 1.06 -6.88 1.11 18.51 -2.35
254 356 Pedestrian -1 -1 2.77 776.69 599.72 950.00 896.09 1.79 0.78 0.89 0.83 1.14 7.02 2.88
255 355 Pedestrian -1 -1 -1.99 295.84 580.22 375.81 680.09 1.66 0.93 1.06 -6.92 1.11 18.54 -2.35
255 356 Pedestrian -1 -1 2.76 771.17 599.71 944.97 896.57 1.79 0.78 0.89 0.79 1.14 7.01 2.87
256 355 Pedestrian -1 -1 -1.98 294.61 580.19 374.19 679.87 1.66 0.93 1.06 -6.96 1.11 18.57 -2.34
256 356 Pedestrian -1 -1 2.75 765.64 599.70 939.93 897.04 1.79 0.78 0.89 0.76 1.14 7.00 2.86
257 355 Pedestrian -1 -1 -1.98 293.74 580.16 372.99 679.62 1.66 0.93 1.06 -6.99 1.11 18.61 -2.34
257 356 Pedestrian -1 -1 2.74 758.31 599.71 933.50 898.03 1.79 0.78 0.89 0.71 1.14 6.99 2.84
258 355 Pedestrian -1 -1 -1.97 292.88 580.14 371.80 679.37 1.66 0.93 1.06 -7.03 1.12 18.65 -2.33
258 356 Pedestrian -1 -1 2.73 750.95 599.72 927.04 899.02 1.79 0.78 0.89 0.67 1.14 6.97 2.83
259 355 Pedestrian -1 -1 -1.97 292.02 580.11 370.61 679.12 1.66 0.93 1.06 -7.06 1.12 18.69 -2.33
259 356 Pedestrian -1 -1 2.72 743.57 599.74 920.54 900.01 1.79 0.78 0.89 0.62 1.14 6.96 2.81
260 355 Pedestrian -1 -1 -1.96 291.17 580.08 369.42 678.87 1.66 0.93 1.06 -7.09 1.12 18.73 -2.32
260 356 Pedestrian -1 -1 2.71 736.15 599.75 914.00 900.99 1.79 0.78 0.89 0.57 1.14 6.94 2.79
261 355 Pedestrian -1 -1 -1.96 290.32 580.05 368.24 678.62 1.66 0.93 1.06 -7.12 1.12 18.77 -2.32
261 356 Pedestrian -1 -1 2.70 728.71 599.77 907.43 901.98 1.79 0.78 0.89 0.53 1.14 6.92 2.78
262 355 Pedestrian -1 -1 -1.95 289.48 580.03 367.07 678.38 1.66 0.93 1.06 -7.16 1.12 18.81 -2.32
262 356 Pedestrian -1 -1 2.69 721.24 599.78 900.81 902.97 1.79 0.78 0.89 0.48 1.14 6.91 2.76
263 355 Pedestrian -1 -1 -1.95 288.64 580.00 365.89 678.13 1.66 0.93 1.06 -7.19 1.12 18.85 -2.31
263 356 Pedestrian -1 -1 2.68 713.74 599.78 894.15 903.95 1.79 0.78 0.89 0.44 1.13 6.89 2.74
264 355 Pedestrian -1 -1 -1.94 287.80 579.97 364.73 677.89 1.66 0.93 1.06 -7.22 1.12 18.89 -2.31
264 356 Pedestrian -1 -1 2.67 706.21 599.74 887.45 904.93 1.79 0.78 0.89 0.39 1.13 6.88 2.72
265 355 Pedestrian -1 -1 -1.94 286.97 579.95 363.56 677.64 1.66 0.93 1.06 -7.26 1.12 18.93 -2.30
265 356 Pedestrian -1 -1 2.66 698.65 599.71 880.72 905.91 1.79 0.78 0.89 0.34 1.13 6.86 2.71
266 355 Pedestrian -1 -1 -1.93 286.14 579.92 362.40 677.40 1.66 0.93 1.06 -7.29 1.12 18.97 -2.30
266 356 Pedestrian -1 -1 2.65 691.06 599.67 873.94 906.89 1.79 0.78 0.89 0.30 1.13 6.85 2.69
267 355 Pedestrian -1 -1 -1.93 285.32 579.89 361.24 677.16 1.66 0.93 1.06 -7.32 1.12 19.01 -2.29
267 356 Pedestrian -1 -1 2.64 684.69 599.66 868.52 908.07 1.79 0.78 0.89 0.26 1.13 6.83 2.67
268 355 Pedestrian -1 -1 -1.92 284.50 579.87 360.09 676.92 1.66 0.93 1.06 -7.36 1.12 19.05 -2.29
268 356 Pedestrian -1 -1 2.62 678.29 599.64 863.06 909.24 1.79 0.78 0.89 0.22 1.13 6.81 2.66
269 355 Pedestrian -1 -1 -1.92 283.69 579.84 358.94 676.68 1.66 0.93 1.06 -7.39 1.12 19.09 -2.29
269 356 Pedestrian -1 -1 2.61 671.86 599.63 857.55 910.42 1.79 0.78 0.89 0.18 1.13 6.79 2.64
270 355 Pedestrian -1 -1 -1.91 282.88 579.81 357.79 676.44 1.66 0.93 1.06 -7.42 1.12 19.13 -2.28
270 356 Pedestrian -1 -1 2.60 665.41 599.62 852.01 911.59 1.79 0.78 0.89 0.15 1.13 6.77 2.62
271 355 Pedestrian -1 -1 -1.91 282.08 579.79 356.65 676.21 1.66 0.93 1.06 -7.46 1.12 19.17 -2.28
271 356 Pedestrian -1 -1 2.59 658.92 599.60 846.42 912.77 1.79 0.78 0.89 0.11 1.13 6.75 2.61
272 355 Pedestrian -1 -1 -1.90 281.27 579.76 355.51 675.97 1.66 0.93 1.06 -7.49 1.12 19.21 -2.27
272 356 Pedestrian -1 -1 2.58 652.41 599.59 840.78 913.94 1.79 0.78 0.89 0.07 1.13 6.73 2.59
273 355 Pedestrian -1 -1 -1.90 280.48 579.74 354.38 675.73 1.66 0.93 1.06 -7.52 1.12 19.25 -2.27
273 356 Pedestrian -1 -1 2.57 645.86 599.58 835.10 915.11 1.79 0.78 0.89 0.03 1.13 6.71 2.57
274 355 Pedestrian -1 -1 -1.89 279.69 579.71 353.25 675.50 1.66 0.93 1.06 -7.55 1.12 19.29 -2.26
274 356 Pedestrian -1 -1 2.56 639.29 599.57 829.38 916.29 1.79 0.78 0.89 -0.01 1.13 6.69 2.55
275 355 Pedestrian -1 -1 -1.89 278.90 579.69 352.12 675.27 1.66 0.93 1.06 -7.59 1.12 19.33 -2.26
275 356 Pedestrian -1 -1 2.54 632.68 599.56 823.61 917.46 1.79 0.78 0.89 -0.04 1.13 6.67 2.54
276 355 Pedestrian -1 -1 -1.88 278.11 579.66 351.00 675.03 1.66 0.93 1.06 -7.62 1.12 19.37 -2.26
276 356 Pedestrian -1 -1 2.53 626.04 599.55 817.80 918.63 1.79 0.78 0.89 -0.08 1.13 6.65 2.52
277 355 Pedestrian -1 -1 -1.88 277.33 579.64 349.88 674.80 1.66 0.93 1.06 -7.65 1.12 19.41 -2.25
277 356 Pedestrian -1 -1 2.52 619.27 599.56 812.01 920.12 1.79 0.78 0.89 -0.12 1.13 6.63 2.50
278 355 Pedestrian -1 -1 -1.87 276.56 579.61 348.76 674.57 1.66 0.93 1.06 -7.69 1.12 19.45 -2.25
278 356 Pedestrian -1 -1 2.52 612.81 599.59 806.31 921.56 1.79 0.78 0.89 -0.16 1.13 6.60 2.50
279 355 Pedestrian -1 -1 -1.87 275.78 579.58 347.65 674.34 1.66 0.93 1.06 -7.72 1.12 19.49 -2.24
279 356 Pedestrian -1 -1 2.52 606.28 599.61 800.58 923.01 1.79 0.78 0.89 -0.19 1.13 6.58 2.49
280 355 Pedestrian -1 -1 -1.86 275.01 579.56 346.54 674.11 1.66 0.93 1.06 -7.75 1.12 19.53 -2.24
280 356 Pedestrian -1 -1 2.52 599.71 599.64 794.79 924.48 1.79 0.78 0.89 -0.23 1.12 6.55 2.49
281 355 Pedestrian -1 -1 -1.86 274.25 579.54 345.44 673.89 1.66 0.93 1.06 -7.79 1.12 19.57 -2.24
281 356 Pedestrian -1 -1 2.52 593.08 599.67 788.97 925.95 1.79 0.78 0.89 -0.27 1.12 6.53 2.48
282 355 Pedestrian -1 -1 -1.85 273.49 579.51 344.34 673.66 1.66 0.93 1.06 -7.82 1.12 19.61 -2.23
282 356 Pedestrian -1 -1 2.53 586.39 599.70 783.10 927.44 1.79 0.78 0.89 -0.30 1.12 6.50 2.48
283 355 Pedestrian -1 -1 -1.85 272.73 579.49 343.24 673.43 1.66 0.93 1.06 -7.85 1.12 19.65 -2.23
283 356 Pedestrian -1 -1 2.53 579.65 599.72 777.19 928.94 1.79 0.78 0.89 -0.34 1.12 6.48 2.47
284 355 Pedestrian -1 -1 -1.84 271.98 579.46 342.14 673.21 1.66 0.93 1.06 -7.88 1.12 19.69 -2.22
284 356 Pedestrian -1 -1 2.53 572.85 599.75 771.24 930.45 1.79 0.78 0.89 -0.38 1.12 6.45 2.47
285 355 Pedestrian -1 -1 -1.84 271.23 579.44 341.05 672.98 1.66 0.93 1.06 -7.92 1.12 19.73 -2.22
285 356 Pedestrian -1 -1 2.53 565.99 599.78 765.24 931.97 1.79 0.78 0.89 -0.41 1.12 6.42 2.46
286 355 Pedestrian -1 -1 -1.83 270.49 579.41 339.96 672.76 1.66 0.93 1.06 -7.95 1.12 19.77 -2.21
286 356 Pedestrian -1 -1 2.53 559.07 599.81 759.20 933.51 1.79 0.78 0.89 -0.45 1.12 6.40 2.46
287 355 Pedestrian -1 -1 -1.83 269.74 579.39 338.88 672.54 1.66 0.93 1.06 -7.98 1.12 19.81 -2.21
287 356 Pedestrian -1 -1 2.53 552.10 599.84 753.11 935.06 1.79 0.78 0.89 -0.49 1.12 6.37 2.45
288 355 Pedestrian -1 -1 -1.82 269.01 579.36 337.80 672.31 1.66 0.93 1.06 -8.02 1.12 19.85 -2.21
288 356 Pedestrian -1 -1 2.53 545.48 599.88 747.48 936.82 1.79 0.78 0.89 -0.52 1.12 6.34 2.45
289 355 Pedestrian -1 -1 -1.82 268.27 579.34 336.72 672.09 1.66 0.93 1.06 -8.05 1.12 19.89 -2.20
289 356 Pedestrian -1 -1 2.53 538.79 599.93 741.80 938.59 1.79 0.78 0.89 -0.56 1.12 6.32 2.44
290 355 Pedestrian -1 -1 -1.81 267.54 579.32 335.65 671.87 1.66 0.93 1.06 -8.08 1.12 19.93 -2.20
290 356 Pedestrian -1 -1 2.53 532.04 599.97 736.08 940.38 1.79 0.78 0.89 -0.59 1.12 6.29 2.44
291 355 Pedestrian -1 -1 -1.81 266.82 579.29 334.58 671.65 1.66 0.93 1.06 -8.12 1.12 19.97 -2.19
291 356 Pedestrian -1 -1 2.53 525.22 600.02 730.31 942.18 1.79 0.78 0.89 -0.62 1.12 6.26 2.43
292 355 Pedestrian -1 -1 -1.80 266.09 579.27 333.51 671.44 1.66 0.93 1.06 -8.15 1.12 20.01 -2.19
292 356 Pedestrian -1 -1 2.53 518.34 600.06 724.48 944.01 1.79 0.78 0.89 -0.66 1.12 6.23 2.43
293 355 Pedestrian -1 -1 -1.80 265.37 579.25 332.45 671.22 1.66 0.93 1.06 -8.18 1.12 20.05 -2.19
293 356 Pedestrian -1 -1 2.53 511.38 600.11 718.61 945.85 1.79 0.78 0.89 -0.69 1.12 6.20 2.42
294 355 Pedestrian -1 -1 -1.79 264.66 579.22 331.39 671.00 1.66 0.93 1.06 -8.21 1.12 20.09 -2.18
294 356 Pedestrian -1 -1 2.54 504.37 600.16 712.69 947.71 1.79 0.78 0.89 -0.73 1.12 6.17 2.42
295 355 Pedestrian -1 -1 -1.79 263.95 579.20 330.33 670.79 1.66 0.93 1.06 -8.25 1.12 20.13 -2.18
295 356 Pedestrian -1 -1 2.54 497.28 600.20 706.71 949.59 1.79 0.78 0.89 -0.76 1.12 6.15 2.41
296 355 Pedestrian -1 -1 -1.78 263.24 579.18 329.28 670.57 1.66 0.93 1.06 -8.28 1.12 20.17 -2.17
296 356 Pedestrian -1 -1 2.54 490.12 600.25 700.68 951.49 1.79 0.78 0.89 -0.79 1.11 6.12 2.41
297 355 Pedestrian -1 -1 -1.78 262.53 579.15 328.23 670.36 1.66 0.93 1.06 -8.31 1.12 20.21 -2.17
297 356 Pedestrian -1 -1 2.54 482.89 600.30 694.60 953.40 1.79 0.78 0.89 -0.83 1.11 6.09 2.40
298 355 Pedestrian -1 -1 -1.77 261.83 579.13 327.18 670.14 1.66 0.93 1.06 -8.35 1.12 20.25 -2.16
298 356 Pedestrian -1 -1 2.54 475.58 600.35 688.47 955.34 1.79 0.78 0.89 -0.86 1.11 6.06 2.40
299 355 Pedestrian -1 -1 -1.77 261.13 579.11 326.14 669.93 1.66 0.93 1.06 -8.38 1.12 20.29 -2.16
299 356 Pedestrian -1 -1 2.54 468.21 600.40 682.28 957.29 1.79 0.78 0.89 -0.90 1.11 6.03 2.39
300 355 Pedestrian -1 -1 -1.76 260.44 579.08 325.10 669.72 1.66 0.93 1.06 -8.41 1.12 20.33 -2.16
300 356 Pedestrian -1 -1 2.54 460.75 600.45 676.03 959.27 1.79 0.78 0.89 -0.93 1.11 6.00 2.39
301 355 Pedestrian -1 -1 -1.76 259.75 579.06 324.06 669.51 1.66 0.93 1.06 -8.45 1.12 20.37 -2.15
301 356 Pedestrian -1 -1 2.54 453.23 600.50 669.73 961.26 1.79 0.78 0.89 -0.96 1.11 5.97 2.38
302 355 Pedestrian -1 -1 -1.75 259.06 579.04 323.03 669.30 1.66 0.93 1.06 -8.48 1.12 20.41 -2.15
302 356 Pedestrian -1 -1 2.54 445.62 600.55 663.38 963.28 1.79 0.78 0.89 -1.00 1.11 5.95 2.38
303 355 Pedestrian -1 -1 -1.75 258.38 579.02 322.00 669.09 1.66 0.93 1.06 -8.51 1.12 20.45 -2.14
303 356 Pedestrian -1 -1 2.55 437.94 600.60 656.96 965.31 1.79 0.78 0.89 -1.03 1.11 5.92 2.37
304 355 Pedestrian -1 -1 -1.74 257.70 578.99 320.97 668.88 1.66 0.93 1.06 -8.55 1.12 20.49 -2.14
304 356 Pedestrian -1 -1 2.54 430.58 600.68 651.25 967.86 1.79 0.78 0.89 -1.06 1.11 5.88 2.36
305 355 Pedestrian -1 -1 -1.74 257.02 578.97 319.94 668.67 1.66 0.93 1.06 -8.58 1.12 20.53 -2.14
305 356 Pedestrian -1 -1 2.54 423.13 600.76 645.48 970.45 1.79 0.78 0.89 -1.09 1.11 5.85 2.35
306 355 Pedestrian -1 -1 -1.73 256.34 578.95 318.92 668.47 1.66 0.93 1.06 -8.61 1.12 20.57 -2.13
306 356 Pedestrian -1 -1 2.53 415.59 600.84 639.64 973.06 1.79 0.78 0.89 -1.12 1.11 5.81 2.34
307 355 Pedestrian -1 -1 -1.73 255.67 578.93 317.91 668.26 1.66 0.93 1.06 -8.64 1.12 20.61 -2.13
307 356 Pedestrian -1 -1 2.53 407.95 600.92 633.73 975.71 1.79 0.78 0.89 -1.15 1.11 5.78 2.33
308 356 Pedestrian -1 -1 2.53 400.21 601.00 627.75 978.38 1.79 0.78 0.89 -1.18 1.11 5.74 2.32
309 356 Pedestrian -1 -1 2.52 392.38 601.08 621.70 981.09 1.79 0.78 0.89 -1.21 1.11 5.71 2.31
310 356 Pedestrian -1 -1 2.52 384.44 601.17 615.57 983.83 1.79 0.78 0.89 -1.24 1.11 5.67 2.30
311 356 Pedestrian -1 -1 2.52 376.39 601.25 609.38 986.61 1.79 0.78 0.89 -1.27 1.11 5.64 2.29
312 356 Pedestrian -1 -1 2.51 368.24 601.34 603.11 989.42 1.79 0.78 0.89 -1.30 1.10 5.60 2.28
313 356 Pedestrian -1 -1 2.51 359.98 601.43 596.77 992.26 1.79 0.78 0.89 -1.32 1.10 5.57 2.28
314 356 Pedestrian -1 -1 2.51 351.61 601.51 590.35 995.14 1.79 0.78 0.89 -1.35 1.10 5.54 2.27
315 356 Pedestrian -1 -1 2.50 343.12 601.61 583.85 998.06 1.79 0.78 0.89 -1.38 1.10 5.50 2.26
316 356 Pedestrian -1 -1 2.50 334.52 601.70 577.28 1001.01 1.79 0.78 0.89 -1.41 1.10 5.47 2.25
317 356 Pedestrian -1 -1 2.49 326.56 601.81 571.49 1004.30 1.79 0.78 0.89 -1.44 1.10 5.43 2.24
318 356 Pedestrian -1 -1 2.49 318.47 601.93 565.63 1007.63 1.79 0.78 0.89 -1.46 1.10 5.39 2.23
319 356 Pedestrian -1 -1 2.49 310.27 602.05 559.68 1011.02 1.79 0.78 0.89 -1.49 1.10 5.35 2.22
320 356 Pedestrian -1 -1 2.48 301.93 602.17 553.66 1014.45 1.79 0.78 0.89 -1.51 1.10 5.31 2.21
321 356 Pedestrian -1 -1 2.48 293.47 602.29 547.55 1017.93 1.79 0.78 0.89 -1.53 1.10 5.28 2.20
322 356 Pedestrian -1 -1 2.47 285.36 602.45 542.23 1022.02 1.79 0.78 0.89 -1.55 1.10 5.23 2.18
323 356 Pedestrian -1 -1 2.45 277.12 602.61 536.80 1026.15 1.79 0.78 0.89 -1.57 1.10 5.19 2.16
324 356 Pedestrian -1 -1 2.44 268.75 602.77 531.25 1030.34 1.79 0.78 0.89 -1.59 1.10 5.14 2.14
325 356 Pedestrian -1 -1 2.42 260.25 602.93 525.59 1034.59 1.79 0.78 0.89 -1.61 1.10 5.10 2.12
326 356 Pedestrian -1 -1 2.41 251.61 603.11 519.81 1038.89 1.79 0.78 0.89 -1.63 1.10 5.05 2.10
327 356 Pedestrian -1 -1 2.40 242.82 603.28 513.91 1043.25 1.79 0.78 0.89 -1.64 1.09 5.01 2.08
328 356 Pedestrian -1 -1 2.38 233.89 603.46 507.89 1047.67 1.79 0.78 0.89 -1.66 1.09 4.97 2.06
329 356 Pedestrian -1 -1 2.37 224.80 603.64 501.74 1052.15 1.79 0.78 0.89 -1.68 1.09 4.92 2.04
330 356 Pedestrian -1 -1 2.36 215.56 603.83 495.47 1056.69 1.79 0.78 0.89 -1.70 1.09 4.88 2.02
331 356 Pedestrian -1 -1 2.34 206.15 604.02 489.06 1061.29 1.79 0.78 0.89 -1.72 1.09 4.83 2.00
332 356 Pedestrian -1 -1 2.33 196.58 604.21 482.52 1065.96 1.79 0.78 0.89 -1.74 1.09 4.79 1.98
333 356 Pedestrian -1 -1 2.32 186.84 604.41 475.84 1070.69 1.79 0.78 0.89 -1.75 1.09 4.75 1.96
334 356 Pedestrian -1 -1 2.30 176.91 604.62 469.03 1075.49 1.79 0.78 0.89 -1.77 1.09 4.70 1.94
