177 204 Car -1 -1 0.59 3.60 624.03 359.10 740.78 1.67 1.58 4.84 -8.54 1.79 16.66 0.12
178 204 Car -1 -1 0.58 20.68 623.49 375.79 740.29 1.67 1.58 4.84 -8.26 1.78 16.64 0.11
179 204 Car -1 -1 0.56 37.84 622.96 392.50 739.80 1.67 1.58 4.84 -7.98 1.77 16.61 0.11
180 204 Car -1 -1 0.54 55.06 622.43 409.24 739.31 1.67 1.58 4.84 -7.71 1.76 16.59 0.11
181 204 Car -1 -1 0.53 75.43 621.50 428.49 738.56 1.67 1.58 4.84 -7.39 1.75 16.56 0.11
182 204 Car -1 -1 0.52 95.86 620.58 447.81 737.80 1.67 1.58 4.84 -7.07 1.74 16.53 0.11
183 204 Car -1 -1 0.51 116.34 619.64 467.22 737.04 1.67 1.58 4.84 -6.75 1.72 16.50 0.12
184 204 Car -1 -1 0.49 136.87 618.71 486.79 736.27 1.67 1.58 4.84 -6.43 1.71 16.48 0.12
185 204 Car -1 -1 0.48 157.46 617.77 506.55 735.50 1.67 1.58 4.84 -6.11 1.70 16.45 0.12
186 204 Car -1 -1 0.47 178.11 616.82 526.39 734.73 1.67 1.58 4.84 -5.79 1.68 16.42 0.13
187 204 Car -1 -1 0.45 198.81 615.88 546.32 733.95 1.67 1.58 4.84 -5.47 1.67 16.39 0.13
188 204 Car -1 -1 0.44 219.83 615.59 566.98 733.96 1.67 1.58 4.84 -5.14 1.66 16.35 0.13
189 204 Car -1 -1 0.42 240.97 615.31 587.74 733.97 1.67 1.58 4.84 -4.81 1.64 16.31 0.13
190 204 Car -1 -1 0.40 262.21 615.02 608.60 733.98 1.67 1.58 4.84 -4.47 1.63 16.27 0.13
191 204 Car -1 -1 0.38 283.57 614.73 629.65 733.98 1.67 1.58 4.84 -4.14 1.62 16.23 0.13
192 204 Car -1 -1 0.36 305.04 614.24 650.90 733.99 1.67 1.58 4.84 -3.80 1.60 16.18 0.13
193 204 Car -1 -1 0.34 326.62 613.17 672.27 734.00 1.67 1.58 4.84 -3.47 1.59 16.14 0.13
194 204 Car -1 -1 0.32 348.31 612.11 693.74 734.01 1.67 1.58 4.84 -3.13 1.58 16.10 0.13
194 201 Car -1 -1 2.78 1125.16 595.29 1434.38 694.73 1.94 1.57 5.70 11.52 1.68 22.85 -3.03
195 204 Car -1 -1 0.30 370.12 611.03 715.31 734.01 1.67 1.58 4.84 -2.80 1.57 16.06 0.13
195 201 Car -1 -1 2.79 1118.15 595.21 1426.45 694.57 1.94 1.57 5.70 11.37 1.68 22.86 -3.03
196 204 Car -1 -1 0.28 392.05 609.95 737.00 734.02 1.67 1.58 4.84 -2.46 1.55 16.02 0.13
196 201 Car -1 -1 2.79 1111.15 595.13 1418.53 694.41 1.94 1.57 5.70 11.22 1.68 22.88 -3.03
197 204 Car -1 -1 0.26 414.09 608.87 758.79 734.02 1.67 1.58 4.84 -2.13 1.54 15.98 0.13
197 201 Car -1 -1 2.80 1104.16 595.06 1410.63 694.25 1.94 1.57 5.70 11.07 1.68 22.89 -3.03
198 204 Car -1 -1 0.24 437.65 609.17 781.81 734.74 1.67 1.58 4.84 -1.78 1.54 15.93 0.13
198 201 Car -1 -1 2.80 1097.18 594.98 1402.73 694.10 1.94 1.57 5.70 10.92 1.67 22.91 -3.03
199 204 Car -1 -1 0.22 461.35 609.46 804.95 735.45 1.67 1.58 4.84 -1.42 1.55 15.89 0.13
199 201 Car -1 -1 2.81 1090.20 594.91 1394.85 693.94 1.94 1.57 5.70 10.77 1.67 22.93 -3.03
200 204 Car -1 -1 0.20 485.19 609.76 828.22 736.17 1.67 1.58 4.84 -1.07 1.55 15.85 0.13
200 201 Car -1 -1 2.82 1083.24 594.83 1386.98 693.78 1.94 1.57 5.70 10.62 1.67 22.94 -3.03
201 204 Car -1 -1 0.18 509.16 610.06 851.61 736.90 1.67 1.58 4.84 -0.71 1.55 15.80 0.13
201 201 Car -1 -1 2.82 1076.29 594.75 1379.12 693.62 1.94 1.57 5.70 10.46 1.67 22.96 -3.03
202 204 Car -1 -1 0.15 533.27 610.36 875.96 737.62 1.67 1.58 4.84 -0.36 1.55 15.76 0.13
202 201 Car -1 -1 2.83 1069.35 594.68 1371.27 693.47 1.94 1.57 5.70 10.31 1.67 22.98 -3.03
203 204 Car -1 -1 0.13 557.53 610.66 902.14 738.36 1.67 1.58 4.84 -0.01 1.56 15.71 0.13
203 201 Car -1 -1 2.83 1062.41 594.60 1363.43 693.31 1.94 1.57 5.70 10.16 1.67 22.99 -3.03
204 204 Car -1 -1 0.11 581.92 610.96 928.48 739.10 1.67 1.58 4.84 0.35 1.56 15.67 0.13
204 201 Car -1 -1 2.84 1055.49 594.53 1355.61 693.16 1.94 1.57 5.70 10.01 1.67 23.01 -3.03
205 204 Car -1 -1 0.09 606.46 611.26 954.97 739.84 1.67 1.58 4.84 0.70 1.56 15.62 0.13
205 201 Car -1 -1 2.84 1048.57 594.45 1347.79 693.00 1.94 1.57 5.70 9.86 1.67 23.02 -3.03
206 204 Car -1 -1 0.06 631.14 611.57 981.63 740.58 1.67 1.58 4.84 1.05 1.57 15.58 0.13
206 201 Car -1 -1 2.85 1041.67 594.38 1339.99 692.84 1.94 1.57 5.70 9.71 1.66 23.04 -3.03
207 204 Car -1 -1 0.04 655.97 611.88 1008.46 741.34 1.67 1.58 4.84 1.41 1.57 15.54 0.13
207 201 Car -1 -1 2.85 1036.06 594.32 1333.66 692.72 1.94 1.57 5.70 9.59 1.66 23.05 -3.03
208 204 Car -1 -1 0.02 681.96 612.20 1036.55 742.12 1.67 1.58 4.84 1.78 1.57 15.49 0.13
208 201 Car -1 -1 2.86 1030.46 594.25 1327.34 692.59 1.94 1.57 5.70 9.46 1.66 23.07 -3.03
209 204 Car -1 -1 -0.01 708.12 612.52 1064.82 742.91 1.67 1.58 4.84 2.14 1.58 15.44 0.13
209 201 Car -1 -1 2.86 1024.87 594.19 1321.02 692.46 1.94 1.57 5.70 9.34 1.66 23.08 -3.03
210 204 Car -1 -1 -0.03 734.43 612.85 1093.27 743.71 1.67 1.58 4.84 2.51 1.58 15.40 0.13
210 201 Car -1 -1 2.87 1019.29 594.13 1314.72 692.34 1.94 1.57 5.70 9.22 1.66 23.09 -3.03
211 204 Car -1 -1 -0.06 760.91 613.18 1121.99 744.51 1.67 1.58 4.84 2.88 1.58 15.35 0.13
211 201 Car -1 -1 2.87 1013.71 594.07 1308.42 692.21 1.94 1.57 5.70 9.09 1.66 23.11 -3.03
212 204 Car -1 -1 -0.08 787.56 613.51 1150.94 745.32 1.67 1.58 4.84 3.25 1.58 15.31 0.13
212 201 Car -1 -1 2.88 1008.13 594.01 1302.12 692.09 1.94 1.57 5.70 8.97 1.66 23.12 -3.03
213 204 Car -1 -1 -0.10 814.37 613.84 1180.07 746.13 1.67 1.58 4.84 3.62 1.59 15.26 0.13
213 201 Car -1 -1 2.89 999.57 594.21 1292.46 692.22 1.94 1.57 5.70 8.78 1.66 23.14 -3.03
214 204 Car -1 -1 -0.13 841.35 614.17 1209.40 746.95 1.67 1.58 4.84 3.98 1.59 15.21 0.13
214 201 Car -1 -1 2.89 991.02 594.41 1282.81 692.35 1.94 1.57 5.70 8.59 1.67 23.16 -3.03
215 204 Car -1 -1 -0.15 868.39 614.51 1238.91 747.77 1.67 1.58 4.84 4.35 1.59 15.17 0.13
215 201 Car -1 -1 2.90 982.48 594.61 1273.18 692.48 1.94 1.57 5.70 8.40 1.67 23.18 -3.03
216 204 Car -1 -1 -0.17 893.07 614.84 1268.62 748.60 1.67 1.58 4.84 4.72 1.60 15.12 0.13
216 201 Car -1 -1 2.91 973.96 594.81 1263.56 692.61 1.94 1.57 5.70 8.21 1.68 23.20 -3.03
217 204 Car -1 -1 -0.20 917.88 614.45 1298.52 748.58 1.67 1.58 4.84 5.09 1.59 15.08 0.13
217 201 Car -1 -1 2.92 965.45 595.01 1253.96 692.74 1.94 1.57 5.70 8.03 1.68 23.22 -3.03
218 204 Car -1 -1 -0.22 942.84 614.05 1328.61 748.56 1.67 1.58 4.84 5.46 1.58 15.03 0.13
218 201 Car -1 -1 2.92 956.96 595.21 1244.39 692.86 1.94 1.57 5.70 7.84 1.69 23.24 -3.03
219 204 Car -1 -1 -0.24 967.94 613.65 1358.91 748.54 1.67 1.58 4.84 5.83 1.57 14.98 0.13
219 201 Car -1 -1 2.93 948.48 595.41 1234.82 692.99 1.94 1.57 5.70 7.65 1.69 23.26 -3.03
220 204 Car -1 -1 -0.26 993.18 613.25 1389.40 748.52 1.67 1.58 4.84 6.19 1.56 14.94 0.13
220 201 Car -1 -1 2.94 940.01 595.60 1225.28 693.12 1.94 1.57 5.70 7.46 1.70 23.28 -3.03
221 204 Car -1 -1 -0.28 1018.57 612.85 1420.09 748.50 1.67 1.58 4.84 6.56 1.55 14.89 0.13
221 205 Car -1 -1 2.78 1142.81 601.49 1431.71 704.63 1.79 1.58 4.42 10.04 1.59 19.65 -3.04
221 201 Car -1 -1 2.95 931.56 595.80 1215.75 693.25 1.94 1.57 5.70 7.27 1.70 23.30 -3.03
222 205 Car -1 -1 2.78 1135.12 601.10 1422.88 704.36 1.79 1.58 4.42 9.90 1.59 19.67 -3.04
222 201 Car -1 -1 2.95 923.12 596.00 1206.24 693.38 1.94 1.57 5.70 7.08 1.71 23.32 -3.03
223 205 Car -1 -1 2.79 1127.43 600.72 1414.07 704.10 1.79 1.58 4.42 9.75 1.58 19.68 -3.04
223 201 Car -1 -1 2.96 914.70 596.20 1196.75 693.51 1.94 1.57 5.70 6.89 1.71 23.34 -3.03
224 205 Car -1 -1 2.79 1119.76 600.33 1405.28 703.83 1.79 1.58 4.42 9.61 1.58 19.70 -3.04
224 201 Car -1 -1 2.97 906.29 596.39 1187.28 693.63 1.94 1.57 5.70 6.70 1.72 23.36 -3.03
225 205 Car -1 -1 2.80 1112.09 599.95 1396.50 703.56 1.79 1.58 4.42 9.47 1.58 19.71 -3.04
225 201 Car -1 -1 2.98 898.48 596.61 1178.64 693.84 1.94 1.57 5.70 6.52 1.73 23.37 -3.03
226 205 Car -1 -1 2.81 1104.44 599.56 1387.74 703.30 1.79 1.58 4.42 9.32 1.58 19.72 -3.04
226 201 Car -1 -1 2.98 890.67 596.82 1170.02 694.05 1.94 1.57 5.70 6.35 1.73 23.37 -3.03
227 205 Car -1 -1 2.81 1099.86 599.70 1382.59 703.23 1.79 1.58 4.42 9.24 1.58 19.73 -3.04
227 201 Car -1 -1 2.99 882.87 597.03 1161.39 694.26 1.94 1.57 5.70 6.17 1.74 23.38 -3.03
228 205 Car -1 -1 2.81 1095.28 599.83 1377.44 703.16 1.79 1.58 4.42 9.15 1.58 19.74 -3.04
228 201 Car -1 -1 3.00 875.07 597.25 1152.77 694.47 1.94 1.57 5.70 5.99 1.74 23.39 -3.03
229 205 Car -1 -1 2.82 1084.87 599.99 1365.63 703.06 1.79 1.58 4.42 8.96 1.58 19.76 -3.04
229 201 Car -1 -1 3.01 867.28 597.46 1144.16 694.68 1.94 1.57 5.70 5.81 1.75 23.39 -3.03
230 205 Car -1 -1 2.83 1074.48 600.16 1353.84 702.96 1.79 1.58 4.42 8.76 1.58 19.78 -3.04
230 201 Car -1 -1 3.01 859.48 597.67 1135.55 694.89 1.94 1.57 5.70 5.63 1.75 23.40 -3.03
231 205 Car -1 -1 2.84 1064.11 600.32 1342.08 702.87 1.79 1.58 4.42 8.57 1.58 19.80 -3.04
231 201 Car -1 -1 3.02 851.70 597.88 1126.94 695.10 1.94 1.57 5.70 5.46 1.76 23.40 -3.03
232 205 Car -1 -1 2.85 1053.76 600.49 1330.34 702.77 1.79 1.58 4.42 8.37 1.59 19.83 -3.04
232 201 Car -1 -1 3.03 843.58 598.10 1118.34 695.31 1.94 1.57 5.70 5.28 1.76 23.41 -3.03
233 205 Car -1 -1 2.86 1043.44 600.65 1318.62 702.67 1.79 1.58 4.42 8.17 1.59 19.85 -3.04
233 201 Car -1 -1 3.03 835.27 598.31 1109.75 695.52 1.94 1.57 5.70 5.10 1.77 23.41 -3.03
234 205 Car -1 -1 2.87 1033.14 600.81 1306.93 702.57 1.79 1.58 4.42 7.98 1.59 19.87 -3.04
234 201 Car -1 -1 3.04 826.76 598.46 1100.70 695.11 1.94 1.57 5.70 4.92 1.76 23.42 -3.03
235 205 Car -1 -1 2.87 1022.86 600.98 1295.26 702.47 1.79 1.58 4.42 7.78 1.59 19.89 -3.04
235 201 Car -1 -1 3.05 818.26 598.62 1091.67 694.71 1.94 1.57 5.70 4.73 1.76 23.44 -3.03
236 205 Car -1 -1 2.88 1012.60 601.14 1283.61 702.38 1.79 1.58 4.42 7.59 1.60 19.91 -3.04
236 201 Car -1 -1 3.06 809.77 598.77 1082.65 694.31 1.94 1.57 5.70 4.55 1.76 23.45 -3.03
237 205 Car -1 -1 2.89 1002.37 601.18 1271.99 702.28 1.79 1.58 4.42 7.39 1.60 19.93 -3.04
237 201 Car -1 -1 3.06 801.29 598.93 1073.81 693.91 1.94 1.57 5.70 4.37 1.76 23.46 -3.03
238 206 Pedestrian -1 -1 0.65 0.92 664.76 190.42 903.74 1.54 0.68 0.92 -4.52 1.52 7.60 0.12
238 205 Car -1 -1 2.90 992.16 601.18 1260.39 702.18 1.79 1.58 4.42 7.20 1.60 19.95 -3.04
238 201 Car -1 -1 3.07 792.73 599.08 1064.97 693.50 1.94 1.57 5.70 4.18 1.76 23.47 -3.03
239 206 Pedestrian -1 -1 0.65 9.52 665.25 198.12 903.92 1.54 0.68 0.92 -4.47 1.53 7.61 0.12
239 205 Car -1 -1 2.91 982.01 601.52 1248.79 702.42 1.79 1.58 4.42 7.00 1.61 19.97 -3.04
239 201 Car -1 -1 3.08 784.10 599.24 1056.15 693.10 1.94 1.57 5.70 4.00 1.76 23.48 -3.03
240 206 Pedestrian -1 -1 0.64 18.56 664.34 206.81 903.37 1.54 0.68 0.92 -4.40 1.52 7.59 0.12
240 205 Car -1 -1 2.92 971.88 601.85 1237.21 702.65 1.79 1.58 4.42 6.81 1.61 19.99 -3.04
240 201 Car -1 -1 3.09 775.48 598.92 1047.33 692.70 1.94 1.57 5.70 3.81 1.75 23.49 -3.03
241 206 Pedestrian -1 -1 0.63 27.64 663.43 215.54 902.82 1.54 0.68 0.92 -4.32 1.51 7.58 0.12
241 205 Car -1 -1 2.93 961.77 602.18 1225.65 702.88 1.79 1.58 4.42 6.61 1.62 20.01 -3.04
241 201 Car -1 -1 3.10 766.86 598.58 1038.51 692.30 1.94 1.57 5.70 3.63 1.75 23.50 -3.03
242 206 Pedestrian -1 -1 0.63 35.46 627.01 224.52 902.79 1.81 0.70 0.92 -4.25 1.37 7.56 0.12
242 205 Car -1 -1 2.94 951.69 602.51 1214.12 703.11 1.79 1.58 4.42 6.41 1.63 20.03 -3.04
242 201 Car -1 -1 3.10 758.25 598.25 1029.71 691.90 1.94 1.57 5.70 3.45 1.75 23.51 -3.03
243 206 Pedestrian -1 -1 0.62 45.89 661.60 233.08 901.72 1.54 0.68 0.92 -4.18 1.49 7.55 0.12
243 205 Car -1 -1 2.95 941.63 602.84 1202.60 703.35 1.79 1.58 4.42 6.22 1.63 20.05 -3.04
243 201 Car -1 -1 3.11 749.41 597.92 1020.64 691.47 1.94 1.57 5.70 3.26 1.75 23.52 -3.04
244 206 Pedestrian -1 -1 0.62 55.07 660.68 241.90 901.16 1.54 0.68 0.92 -4.11 1.49 7.54 0.12
244 205 Car -1 -1 2.96 931.59 603.06 1191.11 703.58 1.79 1.58 4.42 6.02 1.64 20.07 -3.04
244 201 Car -1 -1 3.11 740.57 597.59 1011.58 691.29 1.94 1.57 5.70 3.07 1.75 23.53 -3.04
245 206 Pedestrian -1 -1 0.61 64.28 659.76 250.74 900.60 1.54 0.68 0.92 -4.04 1.48 7.52 0.12
245 205 Car -1 -1 2.97 921.57 603.15 1179.64 703.81 1.79 1.58 4.42 5.83 1.65 20.09 -3.04
245 201 Car -1 -1 3.12 731.74 597.27 1002.53 691.44 1.94 1.57 5.70 2.88 1.75 23.55 -3.04
246 206 Pedestrian -1 -1 0.60 73.53 658.83 259.63 900.04 1.54 0.68 0.92 -3.97 1.47 7.51 0.12
246 205 Car -1 -1 2.98 911.58 603.24 1168.20 704.03 1.79 1.58 4.42 5.63 1.66 20.11 -3.04
246 201 Car -1 -1 3.13 722.92 596.94 993.49 691.59 1.94 1.57 5.70 2.69 1.75 23.56 -3.04
247 206 Pedestrian -1 -1 0.60 82.82 657.90 268.54 899.48 1.54 0.68 0.92 -3.90 1.46 7.50 0.12
247 205 Car -1 -1 2.98 901.60 603.33 1156.77 704.26 1.79 1.58 4.42 5.44 1.66 20.14 -3.04
247 201 Car -1 -1 3.13 714.10 596.62 984.47 691.75 1.94 1.57 5.70 2.50 1.74 23.57 -3.04
248 206 Pedestrian -1 -1 0.59 92.14 656.97 277.48 898.91 1.54 0.68 0.92 -3.83 1.45 7.48 0.12
248 205 Car -1 -1 2.99 891.86 603.30 1145.66 704.12 1.79 1.58 4.42 5.25 1.66 20.16 -3.04
248 201 Car -1 -1 3.14 705.28 596.29 975.46 691.90 1.94 1.57 5.70 2.31 1.74 23.58 -3.05
249 206 Pedestrian -1 -1 0.58 101.50 656.03 286.46 898.35 1.54 0.68 0.92 -3.75 1.45 7.47 0.12
249 205 Car -1 -1 3.00 882.14 603.26 1134.57 703.97 1.79 1.58 4.42 5.06 1.66 20.18 -3.04
249 201 Car -1 -1 -3.14 696.47 595.97 966.46 692.05 1.94 1.57 5.70 2.12 1.74 23.59 -3.05
250 206 Pedestrian -1 -1 0.58 108.86 655.17 293.36 897.54 1.54 0.68 0.92 -3.70 1.44 7.46 0.12
250 205 Car -1 -1 3.01 872.44 603.23 1123.51 703.83 1.79 1.58 4.42 4.86 1.66 20.20 -3.04
250 201 Car -1 -1 -3.13 687.67 595.65 957.47 692.20 1.94 1.57 5.70 1.93 1.74 23.60 -3.05
251 206 Pedestrian -1 -1 0.57 116.23 654.32 300.27 896.73 1.54 0.68 0.92 -3.65 1.43 7.46 0.12
251 205 Car -1 -1 3.02 862.76 603.19 1112.47 703.69 1.79 1.58 4.42 4.67 1.66 20.22 -3.04
251 201 Car -1 -1 -3.13 678.87 595.32 948.50 692.35 1.94 1.57 5.70 1.74 1.74 23.61 -3.05
252 206 Pedestrian -1 -1 0.57 123.61 653.46 307.19 895.92 1.54 0.68 0.92 -3.60 1.43 7.46 0.12
252 205 Car -1 -1 3.03 853.09 603.16 1101.45 703.55 1.79 1.58 4.42 4.48 1.66 20.24 -3.04
252 201 Car -1 -1 -3.12 667.87 595.46 936.99 692.20 1.94 1.57 5.70 1.50 1.74 23.63 -3.05
253 206 Pedestrian -1 -1 0.56 126.95 638.12 314.20 896.91 1.65 0.72 0.92 -3.55 1.36 7.43 0.12
253 205 Car -1 -1 3.04 843.06 603.12 1090.46 703.40 1.79 1.58 4.42 4.29 1.66 20.26 -3.04
253 201 Car -1 -1 -3.11 656.89 595.60 925.51 692.05 1.94 1.57 5.70 1.26 1.74 23.64 -3.06
254 206 Pedestrian -1 -1 0.56 138.40 651.74 321.06 894.30 1.54 0.68 0.92 -3.49 1.41 7.45 0.12
254 205 Car -1 -1 3.05 832.63 603.09 1079.49 703.26 1.79 1.58 4.42 4.10 1.66 20.28 -3.04
254 201 Car -1 -1 -3.10 645.91 595.74 914.04 691.90 1.94 1.57 5.70 1.02 1.74 23.66 -3.06
255 206 Pedestrian -1 -1 0.55 145.81 650.88 328.00 893.49 1.54 0.68 0.92 -3.44 1.41 7.44 0.12
255 205 Car -1 -1 3.06 822.20 603.05 1068.54 703.12 1.79 1.58 4.42 3.91 1.66 20.30 -3.04
255 201 Car -1 -1 -3.09 634.94 595.87 902.60 691.75 1.94 1.57 5.70 0.77 1.74 23.67 -3.06
256 206 Pedestrian -1 -1 0.54 154.45 651.24 336.11 894.08 1.54 0.68 0.92 -3.38 1.41 7.44 0.12
256 205 Car -1 -1 3.07 811.57 603.13 1057.38 702.86 1.79 1.58 4.42 3.72 1.66 20.32 -3.04
256 201 Car -1 -1 -3.08 623.98 596.01 891.17 691.60 1.94 1.57 5.70 0.53 1.74 23.69 -3.06
257 206 Pedestrian -1 -1 0.54 163.11 651.60 344.23 894.67 1.54 0.68 0.92 -3.32 1.41 7.43 0.12
257 205 Car -1 -1 3.08 800.96 603.21 1046.25 702.59 1.79 1.58 4.42 3.52 1.66 20.34 -3.04
257 201 Car -1 -1 -3.08 613.04 596.14 879.76 691.45 1.94 1.57 5.70 0.29 1.74 23.70 -3.06
258 206 Pedestrian -1 -1 0.53 171.78 651.96 352.36 895.26 1.54 0.68 0.92 -3.26 1.41 7.43 0.12
258 205 Car -1 -1 3.09 790.38 603.29 1035.14 702.33 1.79 1.58 4.42 3.33 1.66 20.36 -3.04
258 201 Car -1 -1 -3.07 602.10 596.28 868.38 691.30 1.94 1.57 5.70 0.05 1.74 23.72 -3.07
259 206 Pedestrian -1 -1 0.52 180.46 652.32 360.51 895.85 1.54 0.68 0.92 -3.20 1.41 7.42 0.12
259 205 Car -1 -1 3.10 779.78 603.25 1024.06 702.07 1.79 1.58 4.42 3.13 1.66 20.38 -3.04
259 201 Car -1 -1 -3.06 591.17 596.42 857.01 691.15 1.94 1.57 5.70 -0.19 1.74 23.73 -3.07
260 206 Pedestrian -1 -1 0.52 189.16 652.68 368.66 896.44 1.54 0.68 0.92 -3.14 1.42 7.42 0.12
260 205 Car -1 -1 3.10 769.21 603.09 1013.00 701.81 1.79 1.58 4.42 2.93 1.66 20.40 -3.04
260 201 Car -1 -1 -3.05 580.25 596.55 845.67 691.00 1.94 1.57 5.70 -0.43 1.75 23.75 -3.07
261 206 Pedestrian -1 -1 0.51 197.87 653.04 376.83 897.03 1.54 0.68 0.92 -3.08 1.42 7.41 0.12
261 205 Car -1 -1 3.11 758.66 602.94 1001.96 701.54 1.79 1.58 4.42 2.74 1.66 20.42 -3.04
261 201 Car -1 -1 -3.04 569.88 596.54 834.99 691.17 1.94 1.57 5.70 -0.66 1.75 23.77 -3.07
262 206 Pedestrian -1 -1 0.50 206.59 653.41 385.01 897.62 1.54 0.68 0.92 -3.02 1.42 7.41 0.12
262 205 Car -1 -1 3.12 748.13 602.79 990.95 701.28 1.79 1.58 4.42 2.54 1.66 20.44 -3.04
262 201 Car -1 -1 -3.03 559.52 596.52 824.33 691.34 1.94 1.57 5.70 -0.88 1.75 23.79 -3.07
263 206 Pedestrian -1 -1 0.50 215.33 653.77 393.20 898.22 1.54 0.68 0.92 -2.96 1.42 7.40 0.12
263 205 Car -1 -1 3.13 737.63 602.63 979.96 701.02 1.79 1.58 4.42 2.35 1.66 20.47 -3.04
263 201 Car -1 -1 -3.03 549.18 596.51 813.69 691.51 1.94 1.57 5.70 -1.11 1.75 23.81 -3.07
264 206 Pedestrian -1 -1 0.49 224.07 654.13 401.40 898.81 1.54 0.68 0.92 -2.90 1.42 7.39 0.12
264 205 Car -1 -1 -3.14 727.14 602.48 968.99 700.76 1.79 1.58 4.42 2.15 1.66 20.49 -3.04
264 201 Car -1 -1 -3.02 538.85 596.49 803.33 691.68 1.94 1.57 5.70 -1.34 1.76 23.82 -3.07
265 206 Pedestrian -1 -1 0.48 231.16 652.77 407.95 897.31 1.54 0.68 0.92 -2.85 1.41 7.39 0.12
265 205 Car -1 -1 -3.13 715.90 602.67 957.33 700.85 1.79 1.58 4.42 1.94 1.67 20.50 -3.04
265 201 Car -1 -1 -3.01 528.53 596.48 793.34 691.86 1.94 1.57 5.70 -1.57 1.76 23.84 -3.07
265 207 Car -1 -1 0.56 22.25 604.52 391.11 745.53 1.90 1.61 4.89 -7.91 1.61 16.20 0.11
266 206 Pedestrian -1 -1 0.48 238.25 651.41 414.50 895.80 1.54 0.68 0.92 -2.80 1.40 7.39 0.12
266 205 Car -1 -1 -3.12 704.67 602.85 945.68 700.93 1.79 1.58 4.42 1.73 1.67 20.52 -3.04
266 201 Car -1 -1 -3.00 518.23 596.46 783.37 692.03 1.94 1.57 5.70 -1.79 1.76 23.86 -3.08
266 207 Car -1 -1 0.55 47.42 603.53 415.47 745.08 1.90 1.61 4.89 -7.52 1.60 16.15 0.11
267 206 Pedestrian -1 -1 0.47 245.34 650.05 421.05 894.30 1.54 0.68 0.92 -2.75 1.39 7.39 0.12
267 205 Car -1 -1 -3.12 693.45 603.03 934.07 701.01 1.79 1.58 4.42 1.52 1.68 20.53 -3.04
267 201 Car -1 -1 -2.99 507.95 596.45 773.41 692.20 1.94 1.57 5.70 -2.02 1.77 23.88 -3.08
267 207 Car -1 -1 0.53 72.72 602.53 439.98 744.62 1.90 1.61 4.89 -7.12 1.58 16.11 0.11
268 206 Pedestrian -1 -1 0.47 252.43 648.69 427.61 892.79 1.54 0.68 0.92 -2.71 1.39 7.39 0.12
268 205 Car -1 -1 -3.11 682.24 603.21 922.47 701.13 1.79 1.58 4.42 1.31 1.68 20.55 -3.04
268 201 Car -1 -1 -2.98 497.68 596.43 763.48 692.37 1.94 1.57 5.70 -2.25 1.77 23.90 -3.08
268 207 Car -1 -1 0.51 98.05 602.41 464.67 744.95 1.90 1.61 4.89 -6.72 1.58 16.06 0.11
269 206 Pedestrian -1 -1 0.46 259.53 647.33 434.16 891.29 1.54 0.68 0.92 -2.66 1.38 7.39 0.12
269 205 Car -1 -1 -3.10 671.04 603.39 910.91 701.47 1.79 1.58 4.42 1.10 1.69 20.56 -3.05
269 201 Car -1 -1 -2.98 487.42 596.42 753.55 692.54 1.94 1.57 5.70 -2.48 1.77 23.92 -3.08
269 207 Car -1 -1 0.49 123.54 602.29 489.51 745.28 1.90 1.61 4.89 -6.32 1.57 16.01 0.11
270 206 Pedestrian -1 -1 0.46 266.62 624.57 440.80 889.78 1.70 0.68 0.92 -2.61 1.29 7.39 0.12
270 205 Car -1 -1 -3.09 659.85 603.57 899.36 701.81 1.79 1.58 4.42 0.89 1.69 20.58 -3.05
270 201 Car -1 -1 -2.96 475.70 597.27 741.90 692.42 1.94 1.55 5.71 -2.74 1.78 23.94 -3.08
270 207 Car -1 -1 0.47 149.18 602.17 514.49 745.61 1.90 1.61 4.89 -5.93 1.57 15.97 0.11
271 206 Pedestrian -1 -1 0.45 273.71 644.60 447.27 888.27 1.54 0.68 0.92 -2.56 1.36 7.39 0.12
271 205 Car -1 -1 -3.08 648.67 603.75 887.84 702.16 1.79 1.58 4.42 0.68 1.70 20.59 -3.05
271 201 Car -1 -1 -2.95 464.00 598.13 730.25 692.31 1.94 1.53 5.71 -3.01 1.79 23.96 -3.08
271 207 Car -1 -1 0.45 174.97 602.05 539.62 745.94 1.90 1.61 4.89 -5.53 1.57 15.92 0.11
272 206 Pedestrian -1 -1 0.44 280.81 643.24 453.83 886.77 1.54 0.68 0.92 -2.52 1.35 7.39 0.12
272 205 Car -1 -1 -3.07 637.51 603.93 876.35 702.50 1.79 1.58 4.42 0.47 1.70 20.61 -3.05
272 201 Car -1 -1 -2.94 452.33 598.98 718.61 692.19 1.94 1.52 5.71 -3.27 1.80 23.98 -3.08
272 207 Car -1 -1 0.43 200.91 601.93 564.90 746.28 1.90 1.61 4.89 -5.13 1.56 15.87 0.11
273 206 Pedestrian -1 -1 0.44 287.90 641.88 460.38 885.26 1.54 0.68 0.92 -2.47 1.34 7.39 0.12
273 205 Car -1 -1 -3.07 626.35 604.10 864.88 702.85 1.79 1.58 4.42 0.26 1.70 20.62 -3.05
273 201 Car -1 -1 -2.93 440.70 599.83 706.99 692.08 1.94 1.50 5.72 -3.54 1.81 24.00 -3.08
273 207 Car -1 -1 0.40 227.02 601.81 590.33 746.61 1.90 1.61 4.89 -4.74 1.56 15.82 0.11
274 206 Pedestrian -1 -1 0.43 295.00 640.52 466.94 883.75 1.54 0.68 0.92 -2.42 1.33 7.39 0.12
274 205 Car -1 -1 -3.06 615.20 604.28 853.38 703.17 1.79 1.58 4.42 0.05 1.71 20.64 -3.05
274 201 Car -1 -1 -2.92 429.09 600.69 695.38 691.96 1.94 1.48 5.72 -3.80 1.82 24.02 -3.08
274 207 Car -1 -1 0.38 253.28 601.69 615.90 746.95 1.90 1.61 4.89 -4.34 1.55 15.78 0.11
275 206 Pedestrian -1 -1 0.43 303.82 640.57 475.20 884.00 1.54 0.68 0.92 -2.36 1.33 7.39 0.12
275 205 Car -1 -1 -3.05 604.06 604.45 841.90 703.50 1.79 1.58 4.42 -0.17 1.71 20.66 -3.05
275 201 Car -1 -1 -2.91 417.51 601.54 683.78 692.40 1.94 1.47 5.72 -4.07 1.84 24.05 -3.08
275 207 Car -1 -1 0.36 279.70 601.57 641.64 747.30 1.90 1.61 4.89 -3.94 1.55 15.73 0.11
276 206 Pedestrian -1 -1 0.42 312.66 640.62 483.48 884.24 1.54 0.68 0.92 -2.30 1.33 7.38 0.12
276 205 Car -1 -1 -3.04 592.94 604.62 830.45 703.82 1.79 1.58 4.42 -0.38 1.72 20.67 -3.06
276 201 Car -1 -1 -2.90 405.72 602.29 672.20 693.19 1.94 1.45 5.73 -4.33 1.85 24.07 -3.08
276 207 Car -1 -1 0.34 306.28 601.45 667.52 747.64 1.90 1.61 4.89 -3.54 1.55 15.68 0.12
277 206 Pedestrian -1 -1 0.41 321.51 640.67 491.77 884.49 1.54 0.68 0.92 -2.24 1.33 7.37 0.12
277 205 Car -1 -1 -3.03 581.83 604.79 819.53 704.14 1.79 1.58 4.42 -0.59 1.72 20.69 -3.06
277 201 Car -1 -1 -2.89 393.90 602.28 660.89 693.98 1.94 1.43 5.73 -4.60 1.86 24.09 -3.08
277 207 Car -1 -1 0.31 333.02 601.32 693.56 747.99 1.90 1.61 4.89 -3.15 1.54 15.63 0.12
278 206 Pedestrian -1 -1 0.40 330.37 640.72 500.07 884.73 1.54 0.68 0.92 -2.18 1.33 7.37 0.12
278 205 Car -1 -1 -3.02 570.74 604.91 808.91 704.46 1.79 1.58 4.42 -0.80 1.73 20.71 -3.06
278 201 Car -1 -1 -2.88 384.74 602.72 651.73 693.38 1.94 1.43 5.73 -4.81 1.86 24.10 -3.08
278 207 Car -1 -1 0.29 359.93 601.20 719.75 748.34 1.90 1.61 4.89 -2.75 1.54 15.59 0.12
279 206 Pedestrian -1 -1 0.40 339.25 640.77 508.38 884.98 1.54 0.68 0.92 -2.12 1.33 7.36 0.12
279 205 Car -1 -1 -3.01 559.66 604.92 798.30 704.78 1.79 1.58 4.42 -1.01 1.73 20.72 -3.06
279 201 Car -1 -1 -2.88 375.49 602.22 642.85 692.78 1.94 1.43 5.73 -5.02 1.86 24.11 -3.08
279 207 Car -1 -1 0.27 387.00 601.08 746.11 748.69 1.90 1.61 4.89 -2.35 1.54 15.54 0.12
280 206 Pedestrian -1 -1 0.39 348.14 640.82 516.70 885.22 1.54 0.68 0.92 -2.06 1.33 7.36 0.12
280 205 Car -1 -1 -3.00 548.60 604.92 787.72 705.10 1.79 1.58 4.42 -1.22 1.74 20.74 -3.06
280 201 Car -1 -1 -2.87 366.03 601.70 633.98 692.86 1.94 1.43 5.73 -5.23 1.86 24.13 -3.08
280 207 Car -1 -1 0.25 414.61 600.41 773.07 748.55 1.90 1.61 4.89 -1.95 1.52 15.49 0.12
281 206 Pedestrian -1 -1 0.38 357.04 640.87 525.03 885.47 1.54 0.68 0.92 -2.00 1.33 7.35 0.12
281 205 Car -1 -1 -2.99 537.55 604.93 777.16 705.43 1.79 1.58 4.42 -1.43 1.74 20.76 -3.06
281 201 Car -1 -1 -2.86 356.59 601.19 625.11 693.28 1.94 1.43 5.73 -5.44 1.85 24.14 -3.08
281 207 Car -1 -1 0.23 442.36 599.73 800.23 748.40 1.90 1.61 4.89 -1.55 1.51 15.45 0.13
281 208 Car -1 -1 2.74 1149.02 592.20 1439.19 705.97 1.95 1.74 4.55 10.50 1.56 20.28 -3.06
282 206 Pedestrian -1 -1 0.37 365.96 640.92 533.38 885.71 1.54 0.68 0.92 -1.94 1.33 7.35 0.12
282 205 Car -1 -1 -2.98 526.52 604.94 766.61 705.74 1.79 1.58 4.42 -1.64 1.74 20.77 -3.06
282 201 Car -1 -1 -2.85 347.15 600.68 616.25 693.70 1.94 1.43 5.73 -5.65 1.85 24.15 -3.08
282 207 Car -1 -1 0.21 470.25 599.06 827.59 748.26 1.90 1.61 4.89 -1.15 1.50 15.40 0.13
282 208 Car -1 -1 2.75 1139.03 592.85 1427.66 705.85 1.95 1.74 4.55 10.30 1.56 20.28 -3.06
283 206 Pedestrian -1 -1 0.37 374.89 640.97 541.74 885.96 1.54 0.68 0.92 -1.87 1.32 7.34 0.12
283 205 Car -1 -1 -2.97 515.50 604.95 756.09 706.06 1.79 1.58 4.42 -1.85 1.75 20.79 -3.06
283 201 Car -1 -1 -2.84 337.73 600.17 607.40 694.11 1.94 1.43 5.73 -5.86 1.85 24.16 -3.08
283 207 Car -1 -1 0.18 498.26 598.38 855.16 748.11 1.90 1.61 4.89 -0.75 1.49 15.35 0.14
283 208 Car -1 -1 2.76 1129.04 593.50 1416.14 705.73 1.95 1.74 4.55 10.10 1.57 20.29 -3.06
284 206 Pedestrian -1 -1 0.36 383.83 641.02 550.11 886.21 1.54 0.68 0.92 -1.81 1.32 7.34 0.12
284 205 Car -1 -1 -2.96 504.50 604.95 745.58 706.38 1.79 1.58 4.42 -2.06 1.75 20.81 -3.06
284 201 Car -1 -1 -2.84 328.32 599.66 598.55 694.52 1.94 1.43 5.73 -6.07 1.85 24.18 -3.08
284 207 Car -1 -1 0.16 526.42 597.70 882.92 747.96 1.90 1.61 4.89 -0.35 1.48 15.31 0.14
284 208 Car -1 -1 2.77 1119.06 594.16 1404.93 705.61 1.95 1.74 4.55 9.89 1.57 20.29 -3.06
285 206 Pedestrian -1 -1 0.35 393.03 641.04 558.61 886.26 1.54 0.68 0.92 -1.75 1.33 7.34 0.12
285 205 Car -1 -1 -2.95 493.51 604.96 735.10 706.70 1.79 1.58 4.42 -2.27 1.76 20.82 -3.06
285 201 Car -1 -1 -2.83 318.93 599.15 589.72 694.94 1.94 1.43 5.73 -6.28 1.85 24.19 -3.08
285 207 Car -1 -1 0.14 554.71 597.01 913.27 747.81 1.90 1.61 4.89 0.06 1.47 15.26 0.15
285 208 Car -1 -1 2.78 1108.93 594.81 1393.80 705.48 1.95 1.74 4.55 9.69 1.58 20.30 -3.06
286 206 Pedestrian -1 -1 0.34 402.23 641.05 567.12 886.32 1.54 0.68 0.92 -1.69 1.33 7.34 0.12
286 205 Car -1 -1 -2.94 482.53 604.97 724.63 707.02 1.79 1.58 4.42 -2.48 1.76 20.84 -3.06
286 201 Car -1 -1 -2.82 309.54 598.64 580.88 695.35 1.94 1.43 5.73 -6.49 1.85 24.20 -3.08
286 207 Car -1 -1 0.12 583.13 596.33 944.05 747.66 1.90 1.61 4.89 0.46 1.45 15.21 0.15
286 208 Car -1 -1 2.79 1098.67 595.46 1382.67 705.36 1.95 1.74 4.55 9.49 1.59 20.31 -3.06
287 206 Pedestrian -1 -1 0.33 411.54 641.08 575.76 886.44 1.54 0.68 0.92 -1.63 1.33 7.33 0.12
287 205 Car -1 -1 -2.94 471.58 604.97 714.18 707.34 1.79 1.58 4.42 -2.69 1.77 20.86 -3.06
287 201 Car -1 -1 -2.81 298.34 599.09 570.07 696.01 1.94 1.43 5.73 -6.74 1.87 24.22 -3.08
287 207 Car -1 -1 0.10 611.70 595.64 975.08 747.51 1.90 1.61 4.89 0.86 1.44 15.16 0.16
287 208 Car -1 -1 2.80 1088.43 596.11 1371.55 705.23 1.95 1.74 4.55 9.29 1.59 20.31 -3.05
288 206 Pedestrian -1 -1 0.33 420.85 641.10 584.41 886.56 1.54 0.68 0.92 -1.57 1.33 7.33 0.12
288 205 Car -1 -1 -2.92 458.61 605.18 701.72 707.61 1.79 1.58 4.42 -2.95 1.77 20.88 -3.06
288 201 Car -1 -1 -2.80 287.16 599.55 559.27 696.66 1.94 1.43 5.73 -6.99 1.88 24.23 -3.08
288 207 Car -1 -1 0.08 640.40 594.94 1006.36 747.35 1.90 1.61 4.89 1.26 1.43 15.12 0.16
288 208 Car -1 -1 2.81 1078.19 596.29 1360.42 705.11 1.95 1.74 4.55 9.09 1.60 20.32 -3.05
289 206 Pedestrian -1 -1 0.32 430.18 641.13 593.06 886.68 1.54 0.68 0.92 -1.51 1.33 7.33 0.12
289 205 Car -1 -1 -2.91 445.68 605.38 689.29 707.89 1.79 1.58 4.42 -3.20 1.78 20.90 -3.07
289 201 Car -1 -1 -2.79 275.99 600.00 548.48 697.32 1.94 1.43 5.73 -7.25 1.89 24.25 -3.08
289 207 Car -1 -1 0.05 669.94 595.15 1038.87 747.91 1.90 1.61 4.89 1.67 1.43 15.07 0.16
289 208 Car -1 -1 2.82 1067.97 596.35 1349.29 704.98 1.95 1.74 4.55 8.89 1.60 20.32 -3.05
290 206 Pedestrian -1 -1 0.31 439.51 641.16 601.72 886.80 1.54 0.68 0.92 -1.44 1.33 7.32 0.12
290 205 Car -1 -1 -2.90 432.77 605.59 676.89 708.16 1.79 1.58 4.42 -3.45 1.79 20.93 -3.07
290 201 Car -1 -1 -2.78 264.84 600.46 537.70 697.98 1.94 1.43 5.73 -7.50 1.91 24.26 -3.08
290 207 Car -1 -1 0.03 695.39 591.14 1069.53 739.59 1.90 1.61 4.89 2.03 1.39 15.02 0.16
290 208 Car -1 -1 2.83 1057.76 596.40 1338.15 704.85 1.95 1.74 4.55 8.69 1.61 20.33 -3.05
291 206 Pedestrian -1 -1 0.30 448.84 641.19 610.39 886.92 1.54 0.68 0.92 -1.38 1.33 7.32 0.12
291 205 Car -1 -1 -2.89 419.90 605.79 664.51 708.43 1.79 1.58 4.42 -3.70 1.79 20.95 -3.07
291 201 Car -1 -1 -2.77 253.70 600.91 526.94 698.64 1.94 1.43 5.73 -7.75 1.92 24.28 -3.08
291 207 Car -1 -1 -0.00 729.67 595.57 1104.56 749.03 1.90 1.61 4.89 2.49 1.43 14.97 0.16
291 208 Car -1 -1 2.84 1047.56 596.45 1327.02 704.87 1.95 1.74 4.55 8.49 1.61 20.34 -3.05
292 206 Pedestrian -1 -1 0.29 458.19 641.21 619.06 887.04 1.54 0.68 0.92 -1.32 1.33 7.32 0.12
292 205 Car -1 -1 -2.88 407.05 605.99 652.16 708.71 1.79 1.58 4.42 -3.95 1.80 20.97 -3.07
292 201 Car -1 -1 -2.76 242.57 601.37 516.19 699.29 1.94 1.43 5.73 -8.01 1.94 24.29 -3.08
292 207 Car -1 -1 -0.03 759.87 595.78 1137.75 749.60 1.90 1.61 4.89 2.90 1.43 14.91 0.16
292 208 Car -1 -1 2.85 1035.11 596.46 1312.62 704.61 1.95 1.74 4.55 8.24 1.61 20.36 -3.05
293 206 Pedestrian -1 -1 0.29 467.54 641.24 627.74 887.16 1.54 0.68 0.92 -1.26 1.33 7.32 0.12
293 205 Car -1 -1 -2.87 394.23 606.20 639.84 708.98 1.79 1.58 4.42 -4.20 1.81 21.00 -3.07
293 201 Car -1 -1 -2.75 231.46 601.82 505.45 699.94 1.94 1.43 5.73 -8.26 1.95 24.31 -3.08
293 207 Car -1 -1 -0.06 790.28 595.99 1171.18 750.18 1.90 1.61 4.89 3.31 1.43 14.86 0.16
293 208 Car -1 -1 2.86 1022.70 596.46 1298.25 704.49 1.95 1.74 4.55 8.00 1.61 20.39 -3.05
294 206 Pedestrian -1 -1 0.28 476.90 641.27 636.42 887.28 1.54 0.68 0.92 -1.19 1.33 7.31 0.12
294 205 Car -1 -1 -2.86 381.44 606.40 627.55 709.25 1.79 1.58 4.42 -4.45 1.81 21.02 -3.07
294 201 Car -1 -1 -2.74 220.37 602.27 494.73 700.60 1.94 1.43 5.73 -8.52 1.96 24.32 -3.08
294 207 Car -1 -1 -0.08 820.91 596.21 1204.85 750.75 1.90 1.61 4.89 3.72 1.43 14.81 0.16
294 208 Car -1 -1 2.88 1010.32 596.45 1283.92 704.37 1.95 1.74 4.55 7.75 1.61 20.41 -3.04
295 206 Pedestrian -1 -1 0.27 486.26 641.29 645.11 887.40 1.54 0.68 0.92 -1.13 1.33 7.31 0.12
295 205 Car -1 -1 -2.85 368.68 606.61 615.28 709.52 1.79 1.58 4.42 -4.71 1.82 21.04 -3.07
295 201 Car -1 -1 -2.74 209.28 602.72 484.02 701.25 1.94 1.43 5.73 -8.77 1.98 24.34 -3.08
295 207 Car -1 -1 -0.11 851.77 596.43 1238.82 751.33 1.90 1.61 4.89 4.13 1.43 14.76 0.16
295 208 Car -1 -1 2.89 997.98 596.45 1269.61 704.25 1.95 1.74 4.55 7.51 1.61 20.44 -3.04
296 206 Pedestrian -1 -1 0.26 495.63 641.32 653.81 887.52 1.54 0.68 0.92 -1.07 1.33 7.31 0.12
296 205 Car -1 -1 -2.84 355.95 606.81 603.04 709.78 1.79 1.58 4.42 -4.96 1.83 21.07 -3.07
296 201 Car -1 -1 -2.73 197.39 603.21 472.52 701.94 1.94 1.43 5.73 -9.04 1.99 24.36 -3.08
296 207 Car -1 -1 -0.14 882.86 596.64 1273.21 751.92 1.90 1.61 4.89 4.54 1.43 14.71 0.16
296 208 Car -1 -1 2.90 985.67 596.44 1255.33 704.13 1.95 1.74 4.55 7.26 1.61 20.46 -3.04
297 206 Pedestrian -1 -1 0.25 505.01 641.35 662.51 887.64 1.54 0.68 0.92 -1.01 1.33 7.31 0.12
297 205 Car -1 -1 -2.83 343.25 607.01 590.83 710.05 1.79 1.58 4.42 -5.21 1.83 21.09 -3.07
297 201 Car -1 -1 -2.72 185.52 603.70 461.04 702.62 1.94 1.43 5.73 -9.32 2.01 24.37 -3.08
297 207 Car -1 -1 -0.16 913.31 596.68 1307.87 752.51 1.90 1.61 4.89 4.95 1.43 14.66 0.16
297 208 Car -1 -1 2.91 973.40 596.43 1241.08 704.01 1.95 1.74 4.55 7.02 1.60 20.49 -3.04
298 206 Pedestrian -1 -1 0.25 514.39 615.56 671.25 887.76 1.73 0.68 0.92 -0.95 1.23 7.31 0.12
298 205 Car -1 -1 -2.82 330.57 607.21 578.65 710.32 1.79 1.58 4.42 -5.46 1.84 21.12 -3.07
298 201 Car -1 -1 -2.71 173.66 604.19 449.57 703.31 1.94 1.43 5.73 -9.59 2.02 24.39 -3.08
298 207 Car -1 -1 -0.19 941.67 596.66 1342.80 753.10 1.90 1.61 4.89 5.36 1.43 14.61 0.16
298 208 Car -1 -1 2.93 961.16 596.01 1226.86 703.88 1.95 1.74 4.55 6.77 1.60 20.51 -3.04
299 206 Pedestrian -1 -1 0.24 523.78 641.40 679.92 887.88 1.54 0.68 0.92 -0.88 1.33 7.30 0.12
299 205 Car -1 -1 -2.81 317.92 607.42 566.49 710.58 1.79 1.58 4.42 -5.71 1.85 21.14 -3.07
299 201 Car -1 -1 -2.70 161.82 604.67 438.12 703.99 1.94 1.43 5.73 -9.86 2.04 24.41 -3.08
299 207 Car -1 -1 -0.21 970.23 596.64 1378.00 753.70 1.90 1.61 4.89 5.77 1.43 14.56 0.16
299 208 Car -1 -1 2.94 948.96 595.61 1212.67 703.76 1.95 1.74 4.55 6.53 1.60 20.54 -3.04
300 206 Pedestrian -1 -1 0.23 533.18 641.43 688.64 888.00 1.54 0.68 0.92 -0.82 1.33 7.30 0.12
300 205 Car -1 -1 -2.80 305.30 607.62 554.36 710.85 1.79 1.58 4.42 -5.96 1.85 21.16 -3.07
300 201 Car -1 -1 -2.69 149.99 605.16 426.68 704.68 1.94 1.43 5.73 -10.13 2.05 24.42 -3.08
300 207 Car -1 -1 -0.24 998.97 596.62 1413.49 754.30 1.90 1.61 4.89 6.18 1.43 14.51 0.16
300 208 Car -1 -1 2.95 936.79 595.20 1198.51 703.63 1.95 1.74 4.55 6.28 1.60 20.56 -3.03
301 206 Pedestrian -1 -1 0.22 542.59 641.46 697.37 888.12 1.54 0.68 0.92 -0.76 1.33 7.30 0.12
301 205 Car -1 -1 -2.79 292.71 607.82 542.26 711.11 1.79 1.58 4.42 -6.22 1.86 21.19 -3.07
301 201 Car -1 -1 -2.68 138.18 605.65 415.25 705.36 1.94 1.43 5.73 -10.41 2.07 24.44 -3.08
301 208 Car -1 -1 2.96 924.66 594.79 1184.38 703.51 1.95 1.74 4.55 6.04 1.60 20.59 -3.03
302 206 Pedestrian -1 -1 0.21 550.81 618.89 705.01 888.20 1.71 0.68 0.92 -0.71 1.24 7.30 0.12
302 205 Car -1 -1 -2.78 280.14 608.02 530.18 711.38 1.79 1.58 4.42 -6.47 1.87 21.21 -3.07
302 201 Car -1 -1 -2.67 126.39 606.13 403.85 706.04 1.94 1.43 5.73 -10.68 2.08 24.45 -3.08
302 208 Car -1 -1 2.97 915.18 594.17 1173.57 703.12 1.95 1.74 4.55 5.85 1.59 20.62 -3.03
303 206 Pedestrian -1 -1 0.21 558.93 623.16 712.62 888.39 1.68 0.69 0.92 -0.65 1.26 7.29 0.12
303 205 Car -1 -1 -2.77 267.31 608.38 517.84 711.80 1.79 1.58 4.42 -6.72 1.88 21.23 -3.07
303 201 Car -1 -1 -2.66 114.61 606.62 392.45 706.72 1.94 1.43 5.73 -10.95 2.09 24.47 -3.08
303 208 Car -1 -1 2.98 905.72 593.54 1162.78 702.73 1.95 1.74 4.55 5.67 1.59 20.64 -3.04
304 206 Pedestrian -1 -1 0.20 567.27 626.43 720.24 888.36 1.65 0.68 0.92 -0.60 1.27 7.29 0.12
304 205 Car -1 -1 -2.76 254.50 608.74 505.52 712.22 1.79 1.58 4.42 -6.98 1.89 21.26 -3.07
304 201 Car -1 -1 -2.65 102.85 607.10 381.07 707.40 1.94 1.43 5.73 -11.22 2.11 24.49 -3.08
304 208 Car -1 -1 2.99 896.27 592.92 1152.02 702.34 1.95 1.74 4.55 5.48 1.59 20.67 -3.04
305 206 Pedestrian -1 -1 0.19 575.50 641.53 727.85 888.44 1.54 0.68 0.92 -0.54 1.33 7.29 0.12
305 205 Car -1 -1 -2.75 241.72 609.10 493.23 712.64 1.79 1.58 4.42 -7.24 1.90 21.28 -3.08
305 201 Car -1 -1 -2.64 91.31 607.85 369.59 707.78 1.94 1.43 5.73 -11.50 2.12 24.50 -3.08
305 208 Car -1 -1 2.99 886.85 592.29 1141.29 701.96 1.95 1.74 4.55 5.30 1.58 20.70 -3.04
306 206 Pedestrian -1 -1 0.18 583.74 641.55 735.48 888.52 1.54 0.68 0.92 -0.49 1.33 7.29 0.12
306 205 Car -1 -1 -2.74 228.97 609.45 480.96 713.06 1.79 1.58 4.42 -7.50 1.90 21.30 -3.08
306 201 Car -1 -1 -2.63 79.78 608.60 358.12 708.15 1.94 1.43 5.73 -11.77 2.14 24.52 -3.08
306 208 Car -1 -1 3.00 877.44 591.67 1130.58 701.58 1.95 1.74 4.55 5.11 1.58 20.72 -3.04
307 206 Pedestrian -1 -1 0.18 591.99 641.57 743.11 888.60 1.54 0.68 0.92 -0.43 1.33 7.29 0.12
307 205 Car -1 -1 -2.73 216.26 609.81 468.72 713.48 1.79 1.58 4.42 -7.76 1.91 21.33 -3.08
307 201 Car -1 -1 -2.62 68.28 609.34 346.66 708.52 1.94 1.43 5.73 -12.04 2.15 24.54 -3.07
307 208 Car -1 -1 3.01 868.05 591.05 1119.91 701.19 1.95 1.74 4.55 4.93 1.57 20.75 -3.04
308 206 Pedestrian -1 -1 0.17 600.23 626.56 750.75 888.67 1.65 0.68 0.92 -0.38 1.27 7.29 0.12
308 205 Car -1 -1 -2.72 203.57 610.16 456.51 713.89 1.79 1.58 4.42 -8.01 1.92 21.35 -3.08
308 201 Car -1 -1 -2.61 56.80 610.09 335.20 708.89 1.94 1.43 5.73 -12.32 2.17 24.55 -3.07
308 208 Car -1 -1 3.02 858.68 590.44 1109.27 700.81 1.95 1.74 4.55 4.74 1.57 20.78 -3.04
309 206 Pedestrian -1 -1 0.16 608.48 641.61 758.38 888.75 1.54 0.68 0.92 -0.33 1.33 7.28 0.12
309 205 Car -1 -1 -2.71 190.91 610.52 444.32 714.31 1.79 1.58 4.42 -8.27 1.93 21.37 -3.08
309 201 Car -1 -1 -2.60 45.35 610.84 323.76 709.26 1.94 1.43 5.73 -12.59 2.18 24.57 -3.07
309 208 Car -1 -1 3.02 849.33 589.82 1098.65 700.43 1.95 1.74 4.55 4.55 1.57 20.81 -3.04
310 206 Pedestrian -1 -1 0.15 616.74 641.63 766.02 888.83 1.54 0.68 0.92 -0.27 1.33 7.28 0.12
310 205 Car -1 -1 -2.70 178.28 610.83 432.15 714.72 1.79 1.58 4.42 -8.53 1.94 21.40 -3.08
310 201 Car -1 -1 -2.59 33.91 611.59 312.32 709.63 1.94 1.43 5.73 -12.86 2.20 24.59 -3.07
310 208 Car -1 -1 3.03 839.99 589.21 1088.10 700.06 1.95 1.74 4.55 4.37 1.56 20.83 -3.04
311 206 Pedestrian -1 -1 0.15 624.99 641.65 773.67 888.91 1.54 0.68 0.92 -0.22 1.33 7.28 0.12
311 205 Car -1 -1 -2.69 165.68 611.13 420.01 715.14 1.79 1.58 4.42 -8.79 1.95 21.42 -3.08
311 201 Car -1 -1 -2.58 22.50 612.33 300.89 710.00 1.94 1.43 5.73 -13.13 2.21 24.60 -3.07
311 208 Car -1 -1 3.04 828.13 590.22 1075.63 700.72 1.95 1.74 4.55 4.14 1.57 20.84 -3.05
312 206 Pedestrian -1 -1 0.14 633.26 641.67 781.32 888.99 1.54 0.68 0.92 -0.16 1.33 7.28 0.12
312 205 Car -1 -1 -2.68 153.11 611.42 407.90 715.55 1.79 1.58 4.42 -9.04 1.96 21.44 -3.08
312 201 Car -1 -1 -2.56 11.11 613.08 289.47 710.36 1.94 1.43 5.73 -13.41 2.23 24.62 -3.06
312 208 Car -1 -1 3.05 816.11 591.73 1063.18 700.86 1.93 1.74 4.55 3.91 1.59 20.86 -3.05
313 206 Pedestrian -1 -1 0.13 641.52 641.69 788.97 889.07 1.54 0.68 0.92 -0.11 1.33 7.28 0.12
313 205 Car -1 -1 -2.67 140.57 611.72 395.81 715.96 1.79 1.58 4.42 -9.30 1.97 21.47 -3.08
313 208 Car -1 -1 3.06 804.10 593.24 1050.74 701.00 1.91 1.74 4.55 3.68 1.60 20.87 -3.05
314 206 Pedestrian -1 -1 0.12 648.96 617.00 796.62 890.41 1.72 0.71 0.92 -0.06 1.24 7.26 0.12
314 205 Car -1 -1 -2.66 128.06 612.01 383.75 716.37 1.79 1.58 4.42 -9.56 1.98 21.49 -3.08
314 208 Car -1 -1 3.07 792.11 594.75 1038.31 701.14 1.89 1.74 4.55 3.46 1.61 20.88 -3.05
315 206 Pedestrian -1 -1 0.12 655.53 642.07 802.05 889.79 1.54 0.68 0.92 -0.02 1.33 7.27 0.12
315 205 Car -1 -1 -2.65 115.58 612.31 371.71 716.78 1.79 1.58 4.42 -9.82 1.99 21.52 -3.08
315 208 Car -1 -1 3.08 780.14 596.27 1025.88 701.27 1.87 1.74 4.55 3.23 1.62 20.89 -3.05
316 206 Pedestrian -1 -1 0.11 661.28 642.44 807.48 890.44 1.54 0.68 0.92 0.02 1.33 7.26 0.12
316 205 Car -1 -1 -2.64 103.13 612.60 359.70 717.19 1.79 1.58 4.42 -10.07 2.00 21.54 -3.08
316 208 Car -1 -1 3.09 768.18 597.79 1013.47 701.40 1.86 1.74 4.55 3.00 1.63 20.90 -3.05
317 206 Pedestrian -1 -1 0.11 667.04 642.81 812.93 891.08 1.54 0.68 0.92 0.06 1.33 7.26 0.12
317 205 Car -1 -1 -2.63 90.09 613.22 346.93 717.37 1.79 1.58 4.42 -10.35 2.01 21.56 -3.07
317 208 Car -1 -1 3.10 756.23 599.32 1001.07 701.53 1.84 1.74 4.55 2.77 1.64 20.91 -3.05
318 206 Pedestrian -1 -1 0.10 672.80 643.18 818.38 891.73 1.54 0.68 0.92 0.10 1.33 7.25 0.12
318 205 Car -1 -1 -2.62 77.09 613.84 334.17 717.55 1.79 1.58 4.42 -10.62 2.02 21.58 -3.07
318 208 Car -1 -1 3.11 744.31 600.84 988.67 701.65 1.82 1.74 4.55 2.54 1.66 20.92 -3.05
319 206 Pedestrian -1 -1 0.10 678.59 643.55 823.85 892.38 1.54 0.68 0.92 0.14 1.34 7.24 0.12
319 205 Car -1 -1 -2.61 64.11 614.45 321.44 717.73 1.79 1.58 4.42 -10.89 2.03 21.60 -3.07
319 208 Car -1 -1 3.12 732.39 601.77 976.29 701.77 1.80 1.74 4.55 2.31 1.67 20.93 -3.06
320 206 Pedestrian -1 -1 0.09 683.71 627.17 829.32 894.25 1.66 0.71 0.92 0.17 1.28 7.22 0.12
320 205 Car -1 -1 -2.59 51.17 615.06 308.72 717.91 1.79 1.58 4.42 -11.16 2.04 21.62 -3.07
320 208 Car -1 -1 3.13 721.01 607.50 964.61 700.60 1.65 1.74 4.55 2.10 1.72 20.93 -3.06
321 206 Pedestrian -1 -1 0.09 690.18 644.29 834.81 893.68 1.54 0.68 0.92 0.21 1.34 7.23 0.12
321 205 Car -1 -1 -2.58 38.25 615.68 296.02 718.09 1.79 1.58 4.42 -11.43 2.06 21.64 -3.07
321 208 Car -1 -1 3.14 707.00 608.60 949.91 700.73 1.65 1.74 4.55 1.83 1.73 20.95 -3.06
322 206 Pedestrian -1 -1 0.08 695.99 644.66 840.30 894.33 1.54 0.68 0.92 0.25 1.34 7.22 0.12
322 205 Car -1 -1 -2.57 25.36 616.29 283.34 718.27 1.79 1.58 4.42 -11.70 2.07 21.66 -3.07
322 208 Car -1 -1 -3.13 693.01 609.70 935.34 700.86 1.65 1.74 4.55 1.56 1.74 20.97 -3.06
323 206 Pedestrian -1 -1 0.08 701.81 645.03 845.80 894.98 1.54 0.68 0.92 0.29 1.35 7.22 0.12
323 205 Car -1 -1 -2.56 12.51 616.90 270.68 718.45 1.79 1.58 4.42 -11.97 2.08 21.68 -3.07
323 208 Car -1 -1 -3.12 679.04 610.79 920.90 700.99 1.65 1.74 4.55 1.29 1.76 20.99 -3.06
324 206 Pedestrian -1 -1 0.07 710.62 645.16 854.18 895.60 1.54 0.68 0.92 0.34 1.34 7.20 0.12
324 209 Car -1 -1 0.64 0.33 621.36 367.67 740.73 1.56 1.67 5.04 -8.45 1.74 16.54 0.17
324 208 Car -1 -1 -3.11 665.10 611.89 906.48 701.11 1.65 1.74 4.55 1.03 1.77 21.02 -3.06
325 206 Pedestrian -1 -1 0.06 719.45 645.28 863.04 896.23 1.54 0.68 0.92 0.40 1.34 7.19 0.12
325 209 Car -1 -1 0.62 27.56 621.81 395.23 741.83 1.56 1.67 5.04 -7.99 1.75 16.47 0.16
325 208 Car -1 -1 -3.09 651.18 612.71 892.08 701.23 1.65 1.74 4.55 0.76 1.79 21.04 -3.06
326 206 Pedestrian -1 -1 0.05 728.33 645.40 872.32 896.85 1.54 0.68 0.92 0.46 1.34 7.18 0.12
326 209 Car -1 -1 0.59 55.05 622.27 423.02 742.94 1.56 1.67 5.04 -7.53 1.75 16.39 0.16
326 208 Car -1 -1 -3.08 637.28 612.96 877.71 701.35 1.65 1.74 4.55 0.49 1.80 21.06 -3.06
327 206 Pedestrian -1 -1 0.04 737.23 645.53 881.65 897.48 1.54 0.68 0.92 0.52 1.34 7.17 0.12
327 209 Car -1 -1 0.57 82.80 622.74 451.06 744.06 1.56 1.67 5.04 -7.07 1.75 16.32 0.16
327 208 Car -1 -1 -3.07 623.41 613.16 863.36 701.47 1.65 1.74 4.55 0.22 1.81 21.08 -3.06
328 206 Pedestrian -1 -1 0.04 746.17 645.65 891.01 898.11 1.54 0.68 0.92 0.57 1.34 7.15 0.12
328 209 Car -1 -1 0.55 110.82 623.20 479.35 745.19 1.56 1.67 5.04 -6.61 1.76 16.24 0.16
328 208 Car -1 -1 -3.06 609.55 613.36 849.03 701.59 1.65 1.74 4.55 -0.04 1.83 21.10 -3.06
329 206 Pedestrian -1 -1 0.03 755.14 645.78 900.41 898.74 1.54 0.68 0.92 0.63 1.34 7.14 0.12
329 209 Car -1 -1 0.53 139.11 623.68 507.88 746.33 1.56 1.67 5.04 -6.15 1.76 16.17 0.16
329 208 Car -1 -1 -3.04 595.73 613.57 834.73 701.80 1.65 1.74 4.55 -0.31 1.84 21.13 -3.06
330 206 Pedestrian -1 -1 0.02 764.15 645.90 909.84 899.38 1.54 0.68 0.92 0.69 1.34 7.13 0.12
330 209 Car -1 -1 0.50 167.68 624.15 536.67 747.48 1.56 1.67 5.04 -5.69 1.76 16.09 0.16
330 208 Car -1 -1 -3.03 585.11 613.85 823.73 701.89 1.65 1.74 4.55 -0.52 1.84 21.14 -3.06
331 206 Pedestrian -1 -1 0.01 773.19 646.03 919.31 900.02 1.54 0.68 0.92 0.75 1.34 7.11 0.12
331 209 Car -1 -1 0.48 196.52 624.63 565.71 748.64 1.56 1.67 5.04 -5.22 1.77 16.02 0.16
331 208 Car -1 -1 -3.02 573.95 614.36 812.93 702.30 1.65 1.74 4.55 -0.73 1.84 21.16 -3.06
332 206 Pedestrian -1 -1 0.00 782.27 646.16 928.82 900.66 1.54 0.68 0.92 0.80 1.34 7.10 0.12
332 209 Car -1 -1 0.46 219.89 625.02 589.23 749.56 1.56 1.67 5.04 -4.85 1.77 15.96 0.16
332 208 Car -1 -1 -3.01 562.82 614.87 802.16 702.71 1.65 1.74 4.55 -0.95 1.84 21.18 -3.06
333 206 Pedestrian -1 -1 -0.00 791.53 634.64 938.90 901.83 1.62 0.70 0.92 0.86 1.30 7.08 0.12
333 209 Car -1 -1 0.43 243.45 625.42 612.92 750.49 1.56 1.67 5.04 -4.48 1.77 15.90 0.16
333 208 Car -1 -1 -3.01 551.70 615.26 791.41 703.11 1.65 1.74 4.55 -1.16 1.84 21.20 -3.06
334 206 Pedestrian -1 -1 -0.01 801.09 645.92 948.72 901.72 1.54 0.68 0.92 0.92 1.34 7.06 0.12
334 209 Car -1 -1 0.41 267.20 625.81 636.77 751.43 1.56 1.67 5.04 -4.11 1.77 15.84 0.16
334 208 Car -1 -1 -3.00 540.60 614.90 780.69 703.50 1.65 1.74 4.55 -1.38 1.84 21.22 -3.06
335 206 Pedestrian -1 -1 -0.02 810.56 645.80 958.75 902.25 1.54 0.68 0.92 0.98 1.34 7.05 0.12
335 209 Car -1 -1 0.39 291.14 626.21 660.79 752.37 1.56 1.67 5.04 -3.74 1.78 15.78 0.16
335 208 Car -1 -1 -2.99 529.53 614.55 770.12 703.90 1.65 1.74 4.55 -1.60 1.85 21.24 -3.06
336 206 Pedestrian -1 -1 -0.03 820.07 645.68 968.83 902.79 1.54 0.68 0.92 1.04 1.34 7.03 0.12
336 209 Car -1 -1 0.37 315.27 626.61 684.98 753.32 1.56 1.67 5.04 -3.37 1.78 15.72 0.16
336 208 Car -1 -1 -2.98 518.48 614.20 759.59 704.28 1.65 1.74 4.55 -1.81 1.85 21.26 -3.06
337 206 Pedestrian -1 -1 -0.04 829.63 645.56 978.96 903.33 1.54 0.68 0.92 1.10 1.33 7.01 0.12
337 209 Car -1 -1 0.34 339.60 627.02 709.33 754.28 1.56 1.67 5.04 -3.00 1.78 15.66 0.16
337 208 Car -1 -1 -2.97 507.45 613.86 749.07 704.67 1.65 1.74 4.55 -2.03 1.85 21.27 -3.07
338 206 Pedestrian -1 -1 -0.05 839.24 645.44 989.14 903.88 1.54 0.68 0.92 1.16 1.33 7.00 0.12
338 209 Car -1 -1 0.32 370.77 627.53 740.48 755.51 1.56 1.67 5.04 -2.53 1.79 15.59 0.15
338 208 Car -1 -1 -2.96 496.44 613.51 738.57 705.05 1.65 1.74 4.55 -2.25 1.85 21.29 -3.07
339 206 Pedestrian -1 -1 -0.06 848.90 645.32 999.38 904.42 1.54 0.68 0.92 1.22 1.33 6.98 0.12
339 209 Car -1 -1 0.29 402.25 628.05 771.92 756.75 1.56 1.67 5.04 -2.06 1.79 15.51 0.15
339 208 Car -1 -1 -2.95 485.46 613.17 728.08 705.42 1.65 1.74 4.55 -2.46 1.85 21.31 -3.07
340 206 Pedestrian -1 -1 -0.06 858.56 621.50 1009.68 904.97 1.71 0.68 0.92 1.28 1.24 6.96 0.12
340 209 Car -1 -1 0.26 434.07 628.57 803.64 758.00 1.56 1.67 5.04 -1.59 1.79 15.44 0.15
340 208 Car -1 -1 -2.94 468.96 613.57 712.03 704.92 1.65 1.74 4.55 -2.79 1.86 21.33 -3.07
341 206 Pedestrian -1 -1 -0.07 867.43 645.08 1020.03 905.52 1.54 0.68 0.92 1.33 1.32 6.94 0.12
341 209 Car -1 -1 0.22 466.21 629.10 835.65 759.27 1.56 1.67 5.04 -1.12 1.80 15.36 0.15
341 208 Car -1 -1 -2.94 454.79 613.99 698.22 704.45 1.65 1.74 4.55 -3.07 1.86 21.35 -3.08
342 206 Pedestrian -1 -1 -0.08 876.33 644.95 1030.43 906.08 1.54 0.68 0.92 1.39 1.32 6.93 0.12
342 209 Car -1 -1 0.19 498.68 629.63 867.95 760.55 1.56 1.67 5.04 -0.65 1.80 15.29 0.15
342 208 Car -1 -1 -2.93 440.62 614.41 684.44 703.99 1.65 1.74 4.55 -3.35 1.86 21.37 -3.09
343 206 Pedestrian -1 -1 -0.09 884.03 644.89 1038.89 905.69 1.54 0.68 0.92 1.45 1.32 6.93 0.12
343 209 Car -1 -1 0.16 531.50 630.17 901.30 761.84 1.56 1.67 5.04 -0.18 1.80 15.22 0.15
343 208 Car -1 -1 -2.93 426.45 614.83 670.71 703.53 1.65 1.74 4.55 -3.63 1.86 21.39 -3.10
344 206 Pedestrian -1 -1 -0.10 891.72 644.82 1047.34 905.30 1.54 0.68 0.92 1.50 1.32 6.94 0.12
344 209 Car -1 -1 0.13 558.03 630.61 930.83 762.82 1.56 1.67 5.04 0.20 1.81 15.16 0.15
344 208 Car -1 -1 -2.92 412.30 614.99 657.02 703.08 1.65 1.74 4.55 -3.91 1.87 21.41 -3.10
345 206 Pedestrian -1 -1 -0.10 899.39 644.75 1055.76 904.92 1.54 0.68 0.92 1.56 1.32 6.95 0.12
345 209 Car -1 -1 0.11 584.77 631.04 960.58 763.81 1.56 1.67 5.04 0.57 1.81 15.10 0.15
345 208 Car -1 -1 -2.92 398.15 614.94 643.46 702.76 1.65 1.74 4.55 -4.19 1.87 21.43 -3.11
346 206 Pedestrian -1 -1 -0.11 907.04 644.69 1064.17 904.53 1.54 0.68 0.92 1.61 1.32 6.96 0.12
346 209 Car -1 -1 0.08 611.75 631.48 990.56 764.80 1.56 1.67 5.04 0.95 1.81 15.04 0.14
346 208 Car -1 -1 -2.91 384.01 614.90 629.94 702.94 1.65 1.74 4.55 -4.47 1.87 21.45 -3.12
347 206 Pedestrian -1 -1 -0.12 914.68 644.62 1072.55 904.15 1.54 0.68 0.92 1.66 1.32 6.97 0.12
347 209 Car -1 -1 0.05 638.96 631.93 1020.77 765.81 1.56 1.67 5.04 1.33 1.82 14.99 0.14
347 208 Car -1 -1 -2.90 369.88 614.86 616.46 703.11 1.65 1.74 4.55 -4.75 1.87 21.47 -3.12
348 206 Pedestrian -1 -1 -0.13 922.27 627.20 1080.92 903.77 1.66 0.68 0.92 1.72 1.26 6.97 0.12
348 209 Car -1 -1 0.03 666.23 632.37 1051.03 766.81 1.56 1.67 5.04 1.70 1.82 14.93 0.14
348 208 Car -1 -1 -2.89 354.98 615.66 602.36 703.63 1.65 1.74 4.55 -5.05 1.89 21.50 -3.12
349 206 Pedestrian -1 -1 -0.13 929.90 644.49 1089.26 903.38 1.54 0.68 0.92 1.77 1.32 6.98 0.12
349 209 Car -1 -1 0.00 693.73 632.82 1081.51 767.82 1.56 1.67 5.04 2.07 1.82 14.87 0.14
349 208 Car -1 -1 -2.88 340.12 616.46 588.33 704.15 1.65 1.74 4.55 -5.35 1.90 21.52 -3.12
350 206 Pedestrian -1 -1 -0.14 937.49 644.42 1097.59 903.00 1.54 0.68 0.92 1.83 1.32 6.99 0.12
350 209 Car -1 -1 -0.03 721.47 633.27 1112.23 768.84 1.56 1.67 5.04 2.45 1.83 14.82 0.14
350 208 Car -1 -1 -2.86 325.31 617.26 574.45 704.79 1.65 1.74 4.55 -5.64 1.92 21.55 -3.12
351 206 Pedestrian -1 -1 -0.15 945.06 644.35 1105.89 902.62 1.54 0.68 0.92 1.88 1.32 7.00 0.12
351 209 Car -1 -1 -0.05 749.45 633.72 1143.19 769.87 1.56 1.67 5.04 2.82 1.83 14.76 0.14
351 208 Car -1 -1 -2.85 310.54 617.93 560.59 705.80 1.65 1.74 4.55 -5.94 1.94 21.58 -3.12
352 206 Pedestrian -1 -1 -0.15 952.59 630.85 1114.18 902.24 1.64 0.68 0.92 1.93 1.28 7.00 0.12
352 209 Car -1 -1 -0.08 777.68 634.18 1174.39 770.91 1.56 1.67 5.04 3.19 1.83 14.70 0.13
352 208 Car -1 -1 -2.83 295.83 618.30 546.76 706.80 1.65 1.74 4.55 -6.24 1.95 21.61 -3.12
353 206 Pedestrian -1 -1 -0.16 960.15 644.29 1122.63 902.25 1.54 0.68 0.92 1.99 1.32 7.00 0.12
353 209 Car -1 -1 -0.11 806.15 634.64 1205.84 771.95 1.56 1.67 5.04 3.57 1.83 14.64 0.13
353 208 Car -1 -1 -2.82 281.16 618.67 532.95 707.81 1.65 1.74 4.55 -6.53 1.97 21.64 -3.11
354 206 Pedestrian -1 -1 -0.17 967.68 644.30 1131.08 902.26 1.54 0.68 0.92 2.04 1.32 7.00 0.12
354 209 Car -1 -1 -0.13 836.48 634.78 1239.24 772.63 1.56 1.67 5.04 3.96 1.83 14.59 0.13
354 208 Car -1 -1 -2.81 266.54 619.03 519.17 708.81 1.65 1.74 4.55 -6.83 1.98 21.66 -3.11
355 206 Pedestrian -1 -1 -0.17 975.21 644.31 1139.53 902.26 1.54 0.68 0.92 2.09 1.32 7.00 0.12
355 209 Car -1 -1 -0.16 867.09 634.92 1272.91 773.31 1.56 1.67 5.04 4.36 1.83 14.53 0.13
355 208 Car -1 -1 -2.79 251.97 619.39 505.42 709.82 1.65 1.74 4.55 -7.13 2.00 21.69 -3.11
356 206 Pedestrian -1 -1 -0.18 982.74 644.31 1147.98 902.27 1.54 0.68 0.92 2.14 1.32 7.00 0.12
356 209 Car -1 -1 -0.19 894.94 635.07 1306.84 774.00 1.56 1.67 5.04 4.75 1.83 14.47 0.13
356 208 Car -1 -1 -2.78 237.45 619.75 491.70 710.81 1.65 1.74 4.55 -7.43 2.02 21.72 -3.11
357 206 Pedestrian -1 -1 -0.19 990.23 624.71 1157.03 902.93 1.68 0.70 0.92 2.19 1.26 7.00 0.12
357 209 Car -1 -1 -0.22 922.56 635.21 1341.05 774.70 1.56 1.67 5.04 5.15 1.83 14.41 0.13
357 208 Car -1 -1 -2.77 224.03 620.28 479.05 711.27 1.65 1.74 4.55 -7.70 2.03 21.74 -3.11
358 206 Pedestrian -1 -1 -0.19 997.80 644.32 1164.88 902.29 1.54 0.68 0.92 2.25 1.32 7.00 0.12
358 209 Car -1 -1 -0.24 950.39 635.36 1375.53 775.40 1.56 1.67 5.04 5.54 1.82 14.36 0.12
358 208 Car -1 -1 -2.76 210.63 620.81 466.44 711.73 1.65 1.74 4.55 -7.97 2.04 21.75 -3.11
359 206 Pedestrian -1 -1 -0.20 1005.29 624.60 1173.33 902.29 1.68 0.68 0.92 2.30 1.26 7.00 0.12
359 209 Car -1 -1 -0.27 978.45 635.51 1410.29 776.11 1.56 1.67 5.04 5.94 1.82 14.30 0.12
359 208 Car -1 -1 -2.76 197.24 621.34 453.84 712.19 1.65 1.74 4.55 -8.24 2.05 21.77 -3.12
360 206 Pedestrian -1 -1 -0.21 1012.87 644.33 1181.78 902.30 1.54 0.68 0.92 2.35 1.32 7.00 0.12
360 208 Car -1 -1 -2.75 183.86 621.87 441.27 712.64 1.65 1.74 4.55 -8.51 2.06 21.79 -3.12
361 206 Pedestrian -1 -1 -0.21 1020.40 644.34 1190.23 902.31 1.54 0.68 0.92 2.40 1.32 7.00 0.12
361 208 Car -1 -1 -2.74 170.51 622.40 428.73 713.10 1.65 1.74 4.55 -8.78 2.08 21.80 -3.12
362 206 Pedestrian -1 -1 -0.22 1027.93 644.35 1198.68 902.32 1.54 0.68 0.92 2.46 1.32 7.00 0.12
362 208 Car -1 -1 -2.73 157.16 622.93 416.21 713.55 1.65 1.74 4.55 -9.05 2.09 21.82 -3.12
363 206 Pedestrian -1 -1 -0.23 1037.80 644.42 1209.95 902.70 1.54 0.68 0.92 2.52 1.32 7.00 0.12
363 208 Car -1 -1 -2.72 143.80 623.20 403.69 713.74 1.65 1.74 4.55 -9.32 2.10 21.84 -3.13
364 206 Pedestrian -1 -1 -0.24 1047.68 644.50 1221.24 903.09 1.54 0.68 0.92 2.59 1.32 6.99 0.12
364 208 Car -1 -1 -2.72 130.45 623.48 391.20 713.92 1.65 1.74 4.55 -9.59 2.10 21.85 -3.13
365 206 Pedestrian -1 -1 -0.25 1057.59 644.58 1232.56 903.48 1.54 0.68 0.92 2.65 1.32 6.98 0.12
365 208 Car -1 -1 -2.71 117.11 623.76 378.74 714.11 1.65 1.74 4.55 -9.86 2.11 21.87 -3.13
366 206 Pedestrian -1 -1 -0.26 1067.52 644.65 1243.91 903.87 1.54 0.68 0.92 2.72 1.32 6.97 0.12
366 208 Car -1 -1 -2.70 103.79 624.03 366.29 714.29 1.65 1.74 4.55 -10.13 2.11 21.88 -3.13
367 206 Pedestrian -1 -1 -0.26 1077.47 644.73 1255.28 904.26 1.54 0.68 0.92 2.79 1.32 6.97 0.12
367 208 Car -1 -1 -2.69 90.48 624.31 353.87 714.48 1.65 1.74 4.55 -10.40 2.12 21.90 -3.14
368 206 Pedestrian -1 -1 -0.27 1087.44 644.81 1266.68 904.65 1.54 0.68 0.92 2.85 1.32 6.96 0.12
368 208 Car -1 -1 -2.69 77.18 624.59 341.47 714.66 1.65 1.74 4.55 -10.67 2.13 21.91 -3.14
369 206 Pedestrian -1 -1 -0.28 1097.43 644.89 1278.11 905.05 1.54 0.68 0.92 2.92 1.32 6.95 0.12
369 208 Car -1 -1 -2.68 63.90 624.86 329.09 714.85 1.65 1.74 4.55 -10.94 2.13 21.93 3.14
369 210 Car -1 -1 2.75 1135.05 612.81 1438.04 708.87 1.62 1.97 4.70 10.40 1.81 20.43 -3.06
370 206 Pedestrian -1 -1 -0.29 1107.44 644.97 1289.57 905.44 1.54 0.68 0.92 2.99 1.32 6.94 0.12
370 208 Car -1 -1 -2.67 50.63 625.14 316.73 715.03 1.65 1.74 4.55 -11.21 2.14 21.94 3.14
370 210 Car -1 -1 2.76 1119.71 612.87 1420.43 708.79 1.62 1.97 4.70 10.10 1.82 20.45 -3.06
371 206 Pedestrian -1 -1 -0.30 1117.47 645.04 1301.05 905.84 1.54 0.68 0.92 3.05 1.32 6.93 0.12
371 208 Car -1 -1 -2.67 37.37 625.41 304.40 715.21 1.65 1.74 4.55 -11.48 2.15 21.96 3.14
371 210 Car -1 -1 2.77 1104.40 612.93 1402.86 708.72 1.62 1.97 4.70 9.80 1.82 20.48 -3.06
372 206 Pedestrian -1 -1 -0.31 1127.52 645.12 1312.56 906.23 1.54 0.68 0.92 3.12 1.32 6.93 0.12
372 208 Car -1 -1 -2.66 23.98 626.11 292.00 715.88 1.65 1.74 4.55 -11.75 2.16 21.97 3.13
372 210 Car -1 -1 2.78 1089.13 613.00 1385.34 708.64 1.62 1.97 4.70 9.50 1.82 20.50 -3.06
373 206 Pedestrian -1 -1 -0.31 1133.09 644.97 1318.33 905.38 1.54 0.68 0.92 3.16 1.32 6.94 0.12
373 208 Car -1 -1 -2.65 10.59 626.81 279.62 716.54 1.65 1.74 4.55 -12.02 2.18 21.98 3.13
373 210 Car -1 -1 2.80 1073.88 613.06 1367.85 708.57 1.62 1.97 4.70 9.19 1.82 20.52 -3.06
374 206 Pedestrian -1 -1 -0.32 1138.64 644.82 1324.08 904.54 1.54 0.68 0.92 3.21 1.32 6.96 0.12
374 210 Car -1 -1 2.81 1058.67 613.12 1350.41 708.49 1.62 1.97 4.70 8.89 1.82 20.55 -3.06
375 206 Pedestrian -1 -1 -0.32 1144.16 644.67 1329.80 903.70 1.54 0.68 0.92 3.25 1.32 6.98 0.12
375 210 Car -1 -1 2.82 1043.49 613.18 1333.01 708.41 1.62 1.97 4.70 8.59 1.83 20.57 -3.06
376 206 Pedestrian -1 -1 -0.32 1149.66 644.52 1335.49 902.86 1.54 0.68 0.92 3.30 1.32 6.99 0.12
376 210 Car -1 -1 2.84 1028.35 613.24 1315.66 708.34 1.62 1.97 4.70 8.29 1.83 20.59 -3.06
377 206 Pedestrian -1 -1 -0.33 1155.13 644.36 1341.15 902.03 1.54 0.68 0.92 3.34 1.32 7.01 0.12
377 210 Car -1 -1 2.85 1013.24 613.30 1298.34 708.26 1.62 1.97 4.70 7.98 1.83 20.62 -3.06
378 206 Pedestrian -1 -1 -0.33 1160.52 630.71 1350.83 903.89 1.64 0.74 0.92 3.38 1.28 7.00 0.12
378 210 Car -1 -1 2.86 998.15 613.37 1281.06 708.19 1.62 1.97 4.70 7.68 1.83 20.64 -3.06
379 206 Pedestrian -1 -1 -0.34 1165.99 644.07 1352.38 900.38 1.54 0.68 0.92 3.43 1.33 7.05 0.12
379 210 Car -1 -1 2.87 984.03 613.31 1264.89 707.99 1.62 1.97 4.70 7.40 1.83 20.66 -3.06
380 206 Pedestrian -1 -1 -0.34 1171.39 643.92 1357.95 899.56 1.54 0.68 0.92 3.48 1.33 7.06 0.12
380 210 Car -1 -1 2.89 969.94 613.25 1248.76 707.79 1.62 1.97 4.70 7.11 1.83 20.68 -3.06
380 211 Car -1 -1 2.75 1168.25 596.53 1434.99 700.03 2.01 1.87 4.77 12.23 1.81 23.28 -3.05
381 206 Pedestrian -1 -1 -0.35 1176.76 643.77 1363.50 898.75 1.54 0.68 0.92 3.52 1.33 7.08 0.12
381 210 Car -1 -1 2.90 955.88 613.19 1232.66 707.60 1.62 1.97 4.70 6.83 1.83 20.70 -3.06
381 211 Car -1 -1 2.75 1157.15 596.57 1422.36 699.42 2.01 1.87 4.77 11.99 1.81 23.31 -3.06
382 206 Pedestrian -1 -1 -0.35 1182.11 643.62 1369.02 897.94 1.54 0.68 0.92 3.56 1.33 7.10 0.12
382 210 Car -1 -1 2.91 941.84 613.13 1216.59 707.40 1.62 1.97 4.70 6.55 1.83 20.73 -3.06
382 211 Car -1 -1 2.76 1146.07 596.60 1409.77 698.81 2.01 1.87 4.77 11.74 1.80 23.34 -3.06
383 206 Pedestrian -1 -1 -0.36 1189.95 643.68 1377.96 898.23 1.54 0.68 0.92 3.62 1.33 7.09 0.12
383 210 Car -1 -1 2.93 927.83 613.07 1200.57 707.20 1.62 1.97 4.70 6.26 1.83 20.75 -3.06
383 211 Car -1 -1 2.76 1135.00 596.64 1397.22 698.21 2.01 1.87 4.77 11.50 1.80 23.37 -3.06
384 206 Pedestrian -1 -1 -0.37 1206.73 643.81 1397.14 898.87 1.54 0.68 0.92 3.73 1.33 7.08 0.12
384 210 Car -1 -1 2.94 913.85 613.01 1184.57 707.00 1.62 1.97 4.70 5.98 1.83 20.77 -3.06
384 211 Car -1 -1 2.77 1123.83 596.68 1384.71 697.60 2.01 1.87 4.77 11.26 1.80 23.40 -3.06
385 206 Pedestrian -1 -1 -0.37 1213.11 643.86 1404.43 899.12 1.54 0.68 0.92 3.77 1.33 7.07 0.12
385 210 Car -1 -1 2.95 899.90 612.95 1168.62 706.81 1.62 1.97 4.70 5.70 1.83 20.79 -3.06
385 211 Car -1 -1 2.78 1112.67 596.71 1372.24 697.00 2.01 1.87 4.77 11.02 1.79 23.43 -3.07
386 206 Pedestrian -1 -1 -0.38 1225.49 643.95 1418.57 899.59 1.54 0.68 0.92 3.85 1.33 7.06 0.12
386 210 Car -1 -1 2.96 885.97 612.89 1152.70 706.61 1.62 1.97 4.70 5.41 1.83 20.81 -3.06
386 211 Car -1 -1 2.78 1101.54 596.74 1359.81 696.40 2.01 1.87 4.77 10.77 1.79 23.46 -3.07
387 206 Pedestrian -1 -1 -0.39 1231.48 644.00 1425.42 899.82 1.54 0.68 0.92 3.89 1.33 7.06 0.12
387 210 Car -1 -1 2.98 872.08 612.84 1136.81 706.42 1.62 1.97 4.70 5.13 1.83 20.84 -3.06
387 211 Car -1 -1 2.79 1090.44 596.78 1347.41 695.80 2.01 1.87 4.77 10.53 1.79 23.49 -3.07
388 206 Pedestrian -1 -1 -0.39 1237.47 644.04 1432.27 900.05 1.54 0.68 0.92 3.93 1.33 7.05 0.12
388 210 Car -1 -1 2.99 857.95 612.78 1120.67 706.23 1.62 1.97 4.70 4.84 1.83 20.86 -3.06
388 211 Car -1 -1 2.79 1079.35 596.81 1335.06 695.20 2.01 1.87 4.77 10.29 1.78 23.52 -3.08
389 206 Pedestrian -1 -1 -0.40 1243.47 644.09 1439.14 900.28 1.54 0.68 0.92 3.97 1.33 7.05 0.12
389 210 Car -1 -1 3.00 843.86 612.73 1104.57 706.04 1.62 1.97 4.70 4.55 1.83 20.88 -3.06
389 211 Car -1 -1 2.80 1068.75 596.84 1323.41 694.67 2.01 1.87 4.77 10.05 1.78 23.53 -3.08
390 212 Car -1 -1 0.60 5.07 628.58 322.98 744.13 1.51 1.70 4.04 -8.70 1.85 16.46 0.12
390 210 Car -1 -1 3.02 829.79 612.68 1088.51 705.85 1.62 1.97 4.70 4.26 1.83 20.90 -3.06
390 211 Car -1 -1 2.81 1058.17 596.87 1311.78 694.15 2.01 1.87 4.77 9.81 1.77 23.55 -3.08
391 212 Car -1 -1 0.59 26.15 628.17 343.33 744.07 1.51 1.70 4.04 -8.36 1.84 16.42 0.12
391 210 Car -1 -1 3.03 815.65 612.63 1072.48 705.66 1.62 1.97 4.70 3.97 1.83 20.93 -3.06
391 211 Car -1 -1 2.82 1047.60 596.90 1300.15 693.62 2.01 1.87 4.77 9.57 1.77 23.56 -3.07
392 212 Car -1 -1 0.57 47.34 627.76 363.78 744.02 1.51 1.70 4.04 -8.02 1.83 16.38 0.12
392 210 Car -1 -1 3.04 800.28 612.57 1056.48 705.47 1.62 1.97 4.70 3.68 1.83 20.95 -3.06
392 211 Car -1 -1 2.83 1037.05 596.93 1288.54 693.10 2.01 1.87 4.77 9.33 1.77 23.58 -3.07
393 212 Car -1 -1 0.56 68.64 627.35 384.33 743.97 1.51 1.70 4.04 -7.68 1.82 16.34 0.12
393 210 Car -1 -1 3.06 784.94 612.52 1040.52 705.28 1.62 1.97 4.70 3.39 1.83 20.97 -3.06
393 211 Car -1 -1 2.84 1026.51 596.89 1276.94 692.58 2.01 1.87 4.77 9.09 1.76 23.59 -3.07
394 212 Car -1 -1 0.54 92.90 627.05 407.23 743.10 1.51 1.70 4.04 -7.31 1.81 16.30 0.12
394 210 Car -1 -1 3.07 769.63 612.47 1024.60 705.09 1.62 1.97 4.70 3.11 1.83 20.99 -3.06
394 211 Car -1 -1 2.85 1015.98 596.43 1265.35 692.05 2.01 1.87 4.77 8.85 1.76 23.60 -3.07
395 212 Car -1 -1 0.52 117.26 626.75 430.21 742.22 1.51 1.70 4.04 -6.93 1.80 16.27 0.12
395 210 Car -1 -1 3.09 754.35 612.42 1008.72 704.90 1.62 1.97 4.70 2.82 1.82 21.01 -3.06
395 211 Car -1 -1 2.86 1005.47 595.96 1253.78 691.53 2.01 1.87 4.77 8.62 1.75 23.62 -3.07
396 212 Car -1 -1 0.50 141.73 626.45 453.29 741.34 1.51 1.70 4.04 -6.56 1.79 16.24 0.12
396 210 Car -1 -1 3.10 739.11 612.37 992.87 704.72 1.62 1.97 4.70 2.53 1.82 21.04 -3.06
396 211 Car -1 -1 2.87 994.97 595.49 1242.21 691.17 2.01 1.87 4.77 8.38 1.75 23.63 -3.07
397 212 Car -1 -1 0.48 166.30 626.15 476.46 740.46 1.51 1.70 4.04 -6.18 1.77 16.20 0.11
397 210 Car -1 -1 3.11 723.36 612.32 976.48 704.54 1.62 1.97 4.70 2.23 1.82 21.06 -3.06
397 211 Car -1 -1 2.88 984.48 595.03 1230.66 691.13 2.01 1.87 4.77 8.14 1.75 23.65 -3.07
398 212 Car -1 -1 0.46 190.98 625.85 499.71 739.58 1.51 1.70 4.04 -5.80 1.76 16.17 0.11
398 210 Car -1 -1 3.13 707.64 612.28 960.14 704.36 1.62 1.97 4.70 1.93 1.82 21.08 -3.06
398 211 Car -1 -1 2.89 974.01 594.57 1219.12 691.10 2.01 1.87 4.77 7.90 1.74 23.66 -3.07
399 212 Car -1 -1 0.44 215.77 625.55 523.06 738.68 1.51 1.70 4.04 -5.43 1.75 16.14 0.11
399 210 Car -1 -1 3.14 691.96 612.24 943.83 704.18 1.62 1.97 4.70 1.63 1.82 21.11 -3.06
399 211 Car -1 -1 2.90 963.56 594.10 1207.59 691.06 2.01 1.87 4.77 7.66 1.74 23.67 -3.07
400 212 Car -1 -1 0.42 240.66 625.25 546.50 737.79 1.51 1.70 4.04 -5.05 1.74 16.11 0.11
400 210 Car -1 -1 -3.13 676.31 612.20 927.56 704.00 1.62 1.97 4.70 1.33 1.82 21.13 -3.06
400 211 Car -1 -1 2.91 952.92 593.64 1195.86 691.03 2.01 1.87 4.77 7.42 1.73 23.69 -3.07
401 212 Car -1 -1 0.40 265.66 624.94 570.03 736.89 1.51 1.70 4.04 -4.68 1.72 16.07 0.11
401 210 Car -1 -1 -3.11 660.70 612.16 911.33 703.83 1.62 1.97 4.70 1.03 1.82 21.15 -3.06
401 211 Car -1 -1 2.92 942.31 593.18 1184.15 690.99 2.01 1.87 4.77 7.17 1.73 23.70 -3.07
402 212 Car -1 -1 0.37 290.77 624.64 593.66 735.99 1.51 1.70 4.04 -4.30 1.71 16.04 0.11
402 210 Car -1 -1 -3.10 645.12 612.12 895.13 703.65 1.62 1.97 4.70 0.73 1.82 21.18 -3.06
402 211 Car -1 -1 2.93 931.70 592.71 1172.45 690.95 2.01 1.87 4.77 6.93 1.72 23.72 -3.07
403 212 Car -1 -1 0.35 315.46 624.64 617.01 736.02 1.51 1.70 4.04 -3.93 1.70 16.00 0.11
403 210 Car -1 -1 -3.09 629.58 612.08 878.98 703.47 1.62 1.97 4.70 0.43 1.82 21.20 -3.06
403 211 Car -1 -1 2.94 921.12 592.25 1160.76 690.92 2.01 1.87 4.77 6.69 1.72 23.73 -3.07
404 212 Car -1 -1 0.33 340.08 624.64 640.47 736.32 1.51 1.70 4.04 -3.56 1.70 15.96 0.11
404 210 Car -1 -1 -3.07 614.07 612.04 862.86 703.30 1.62 1.97 4.70 0.13 1.82 21.22 -3.06
404 211 Car -1 -1 2.95 910.54 591.79 1149.08 690.88 2.01 1.87 4.77 6.45 1.72 23.75 -3.06
405 212 Car -1 -1 0.31 364.82 624.65 664.04 736.62 1.51 1.70 4.04 -3.19 1.69 15.92 0.11
405 210 Car -1 -1 -3.06 598.60 612.00 846.77 703.12 1.62 1.97 4.70 -0.17 1.82 21.24 -3.06
405 211 Car -1 -1 2.96 899.98 591.33 1137.41 690.84 2.01 1.87 4.77 6.20 1.71 23.76 -3.06
406 212 Car -1 -1 0.29 389.69 624.65 687.73 736.92 1.51 1.70 4.04 -2.82 1.68 15.88 0.11
406 210 Car -1 -1 -3.04 583.17 612.17 830.73 703.18 1.62 1.97 4.70 -0.47 1.83 21.27 -3.06
406 211 Car -1 -1 2.97 889.43 590.87 1125.76 690.80 2.01 1.87 4.77 5.96 1.71 23.77 -3.06
407 212 Car -1 -1 0.26 414.68 624.00 711.55 737.22 1.51 1.70 4.04 -2.45 1.67 15.84 0.11
407 210 Car -1 -1 -3.03 567.77 612.35 814.90 703.23 1.62 1.97 4.70 -0.76 1.83 21.29 -3.06
407 211 Car -1 -1 2.99 878.90 590.42 1114.12 690.77 2.01 1.87 4.77 5.72 1.70 23.79 -3.06
408 212 Car -1 -1 0.24 439.81 623.26 735.68 737.53 1.51 1.70 4.04 -2.08 1.66 15.80 0.11
408 210 Car -1 -1 -3.01 552.41 612.52 800.35 703.29 1.62 1.97 4.70 -1.06 1.84 21.31 -3.06
408 211 Car -1 -1 2.99 869.10 590.20 1103.19 690.46 2.01 1.87 4.77 5.49 1.70 23.81 -3.06
409 212 Car -1 -1 0.22 465.07 622.51 759.93 737.84 1.51 1.70 4.04 -1.71 1.66 15.76 0.11
409 210 Car -1 -1 -3.00 537.08 612.69 785.84 703.35 1.62 1.97 4.70 -1.36 1.84 21.34 -3.06
409 211 Car -1 -1 3.00 859.32 589.99 1092.28 690.15 2.01 1.87 4.77 5.27 1.69 23.83 -3.07
410 212 Car -1 -1 0.20 490.46 621.77 784.29 738.14 1.51 1.70 4.04 -1.34 1.65 15.72 0.11
410 210 Car -1 -1 -2.99 521.78 612.87 771.35 703.40 1.62 1.97 4.70 -1.66 1.85 21.36 -3.06
410 211 Car -1 -1 3.01 849.55 589.78 1081.41 689.84 2.01 1.87 4.77 5.04 1.69 23.86 -3.07
411 212 Car -1 -1 0.17 515.99 621.02 808.77 738.45 1.51 1.70 4.04 -0.97 1.64 15.68 0.11
411 210 Car -1 -1 -2.97 506.52 613.04 756.90 703.46 1.62 1.97 4.70 -1.96 1.85 21.38 -3.06
411 211 Car -1 -1 3.01 839.80 589.56 1070.56 689.54 2.01 1.87 4.77 4.82 1.69 23.88 -3.07
412 212 Car -1 -1 0.15 541.79 620.63 833.23 738.33 1.51 1.70 4.04 -0.60 1.63 15.64 0.11
412 210 Car -1 -1 -2.96 491.29 613.21 742.47 703.52 1.62 1.97 4.70 -2.26 1.85 21.41 -3.06
412 211 Car -1 -1 3.02 830.06 589.35 1059.73 689.23 2.01 1.87 4.77 4.59 1.68 23.90 -3.07
413 212 Car -1 -1 0.13 567.73 620.25 858.88 738.21 1.51 1.70 4.04 -0.23 1.62 15.60 0.11
413 210 Car -1 -1 -2.95 476.10 613.38 728.07 703.57 1.62 1.97 4.70 -2.56 1.86 21.43 -3.06
413 211 Car -1 -1 3.03 820.33 589.14 1048.93 688.92 2.01 1.87 4.77 4.37 1.68 23.93 -3.08
414 212 Car -1 -1 0.10 593.81 619.87 886.44 738.09 1.51 1.70 4.04 0.15 1.61 15.57 0.11
414 210 Car -1 -1 -2.93 460.94 613.55 713.71 703.63 1.62 1.97 4.70 -2.86 1.86 21.45 -3.06
414 211 Car -1 -1 3.03 810.62 588.93 1038.16 688.62 2.01 1.87 4.77 4.15 1.67 23.95 -3.08
415 212 Car -1 -1 0.08 620.03 619.48 914.16 737.97 1.51 1.70 4.04 0.52 1.61 15.53 0.11
415 210 Car -1 -1 -2.92 445.81 613.72 699.37 703.69 1.62 1.97 4.70 -3.16 1.87 21.47 -3.06
415 211 Car -1 -1 3.04 800.92 588.72 1027.42 688.31 2.01 1.87 4.77 3.92 1.67 23.97 -3.08
416 212 Car -1 -1 0.05 646.38 619.10 942.03 737.85 1.51 1.70 4.04 0.89 1.60 15.49 0.11
416 210 Car -1 -1 -2.90 429.93 614.64 684.06 703.69 1.62 1.97 4.70 -3.48 1.88 21.50 -3.06
416 211 Car -1 -1 3.05 790.78 588.51 1016.70 688.01 2.01 1.87 4.77 3.70 1.67 24.00 -3.08
417 212 Car -1 -1 0.03 672.88 618.71 970.05 737.73 1.51 1.70 4.04 1.26 1.59 15.45 0.11
417 210 Car -1 -1 -2.89 414.08 615.55 668.77 703.69 1.62 1.97 4.70 -3.79 1.89 21.52 -3.06
417 211 Car -1 -1 3.05 780.54 588.30 1006.01 687.71 2.01 1.87 4.77 3.47 1.66 24.02 -3.09
418 212 Car -1 -1 0.01 699.52 618.31 998.23 737.61 1.51 1.70 4.04 1.63 1.58 15.41 0.11
418 210 Car -1 -1 -2.88 398.13 616.47 653.52 703.74 1.62 1.97 4.70 -4.11 1.90 21.55 -3.06
418 211 Car -1 -1 3.07 767.10 588.73 992.11 688.02 2.01 1.87 4.77 3.18 1.67 24.04 -3.08
419 212 Car -1 -1 -0.02 726.30 617.92 1026.56 737.49 1.51 1.70 4.04 2.00 1.57 15.37 0.11
419 210 Car -1 -1 -2.86 382.03 617.38 638.30 704.64 1.62 1.97 4.70 -4.43 1.91 21.57 -3.06
419 211 Car -1 -1 3.08 753.71 589.16 978.24 688.33 2.01 1.87 4.77 2.89 1.68 24.07 -3.08
420 212 Car -1 -1 -0.04 753.22 617.53 1055.05 737.36 1.51 1.70 4.04 2.37 1.57 15.33 0.11
420 210 Car -1 -1 -2.85 365.97 617.99 623.32 705.54 1.62 1.97 4.70 -4.75 1.93 21.59 -3.06
420 211 Car -1 -1 3.10 740.35 589.59 964.40 688.64 2.01 1.87 4.77 2.60 1.69 24.10 -3.08
421 212 Car -1 -1 -0.07 780.72 617.14 1084.10 737.21 1.51 1.70 4.04 2.74 1.56 15.29 0.11
421 210 Car -1 -1 -2.83 349.95 618.08 608.47 706.43 1.62 1.97 4.70 -5.06 1.94 21.62 -3.06
421 211 Car -1 -1 3.11 727.02 590.02 950.58 688.95 2.01 1.87 4.77 2.31 1.70 24.13 -3.08
422 212 Car -1 -1 -0.09 808.39 616.74 1113.30 737.06 1.51 1.70 4.04 3.12 1.55 15.25 0.11
422 210 Car -1 -1 -2.82 333.97 618.18 593.65 707.32 1.62 1.97 4.70 -5.38 1.95 21.64 -3.06
422 211 Car -1 -1 3.12 713.73 590.45 936.79 689.26 2.01 1.87 4.77 2.02 1.71 24.15 -3.08
423 212 Car -1 -1 -0.12 836.22 616.35 1142.65 736.91 1.51 1.70 4.04 3.49 1.54 15.21 0.11
423 210 Car -1 -1 -2.81 318.03 618.27 578.86 708.21 1.62 1.97 4.70 -5.70 1.96 21.67 -3.06
423 211 Car -1 -1 3.14 700.48 590.88 923.02 689.57 2.01 1.87 4.77 1.73 1.72 24.18 -3.07
424 212 Car -1 -1 -0.15 861.72 615.96 1172.19 736.75 1.51 1.70 4.04 3.87 1.53 15.17 0.10
424 210 Car -1 -1 -2.79 300.05 619.00 561.68 708.20 1.62 1.97 4.70 -6.06 1.97 21.70 -3.06
424 211 Car -1 -1 -3.13 687.27 591.31 909.29 689.88 2.01 1.87 4.77 1.44 1.73 24.21 -3.07
425 212 Car -1 -1 -0.17 886.73 615.56 1201.93 736.60 1.51 1.70 4.04 4.24 1.53 15.13 0.10
425 210 Car -1 -1 -2.78 282.13 619.73 544.53 708.18 1.62 1.97 4.70 -6.43 1.98 21.72 -3.06
425 211 Car -1 -1 -3.12 674.09 591.74 895.58 690.18 2.01 1.87 4.77 1.15 1.74 24.23 -3.07
426 212 Car -1 -1 -0.20 911.87 615.16 1231.83 736.44 1.51 1.70 4.04 4.62 1.52 15.09 0.10
426 210 Car -1 -1 -2.76 264.25 620.46 527.43 708.16 1.62 1.97 4.70 -6.79 1.99 21.75 -3.06
426 211 Car -1 -1 -3.10 660.94 592.16 881.89 690.49 2.01 1.87 4.77 0.86 1.75 24.26 -3.07
427 212 Car -1 -1 -0.22 937.14 614.76 1261.87 736.28 1.51 1.70 4.04 4.99 1.51 15.05 0.10
427 210 Car -1 -1 -2.75 246.42 621.19 510.36 708.15 1.62 1.97 4.70 -7.16 2.00 21.78 -3.06
427 211 Car -1 -1 -3.09 650.46 592.50 870.94 690.73 2.01 1.87 4.77 0.63 1.76 24.28 -3.07
428 212 Car -1 -1 -0.25 962.56 614.35 1292.08 736.13 1.51 1.70 4.04 5.37 1.50 15.01 0.10
428 210 Car -1 -1 -2.73 228.63 621.46 493.34 708.13 1.62 1.97 4.70 -7.52 2.01 21.81 -3.06
428 211 Car -1 -1 -3.08 639.99 592.85 860.00 690.96 2.01 1.87 4.77 0.39 1.77 24.31 -3.07
429 212 Car -1 -1 -0.27 988.11 613.94 1322.43 735.97 1.51 1.70 4.04 5.75 1.49 14.97 0.09
429 210 Car -1 -1 -2.72 210.89 621.55 476.37 708.11 1.62 1.97 4.70 -7.89 2.02 21.83 -3.06
429 211 Car -1 -1 -3.07 629.56 593.19 849.08 691.20 2.01 1.87 4.77 0.16 1.78 24.33 -3.06
430 212 Car -1 -1 -0.30 1014.00 614.42 1352.97 736.76 1.51 1.70 4.04 6.13 1.50 14.94 0.09
430 210 Car -1 -1 -2.70 193.20 621.65 459.59 708.49 1.62 1.97 4.70 -8.25 2.03 21.86 -3.06
430 211 Car -1 -1 -3.06 619.15 593.53 838.18 691.43 2.01 1.87 4.77 -0.07 1.79 24.35 -3.06
431 212 Car -1 -1 -0.32 1040.00 614.90 1383.63 737.55 1.51 1.70 4.04 6.51 1.51 14.90 0.09
431 210 Car -1 -1 -2.69 175.56 621.74 442.87 709.17 1.62 1.97 4.70 -8.62 2.04 21.89 -3.06
431 211 Car -1 -1 -3.05 608.76 593.87 827.30 691.67 2.01 1.87 4.77 -0.30 1.79 24.38 -3.06
432 212 Car -1 -1 -0.34 1066.12 615.38 1414.41 738.34 1.51 1.70 4.04 6.89 1.51 14.87 0.09
432 210 Car -1 -1 -2.68 157.97 621.83 426.20 709.85 1.62 1.97 4.70 -8.98 2.05 21.92 -3.06
432 211 Car -1 -1 -3.04 598.40 594.21 817.12 691.90 2.01 1.87 4.77 -0.54 1.80 24.40 -3.06
433 210 Car -1 -1 -2.66 142.31 622.05 411.48 710.67 1.62 1.97 4.70 -9.30 2.07 21.94 -3.06
433 211 Car -1 -1 -3.02 588.07 594.55 807.23 692.14 2.01 1.87 4.77 -0.77 1.81 24.43 -3.06
434 210 Car -1 -1 -2.65 126.63 622.27 396.79 711.50 1.62 1.97 4.70 -9.63 2.08 21.97 -3.06
434 211 Car -1 -1 -3.01 577.76 594.89 797.36 692.37 2.01 1.87 4.77 -1.00 1.82 24.45 -3.05
435 210 Car -1 -1 -2.64 110.98 622.50 382.13 712.32 1.62 1.97 4.70 -9.95 2.09 21.99 -3.07
435 211 Car -1 -1 -3.00 567.47 595.23 787.50 692.60 2.01 1.87 4.77 -1.23 1.83 24.47 -3.05
436 210 Car -1 -1 -2.63 95.37 622.72 367.50 713.14 1.62 1.97 4.70 -10.27 2.11 22.02 -3.07
436 211 Car -1 -1 -2.99 556.66 595.57 777.16 692.87 2.01 1.87 4.77 -1.48 1.83 24.49 -3.05
437 210 Car -1 -1 -2.62 79.80 622.94 352.90 713.96 1.62 1.97 4.70 -10.59 2.12 22.04 -3.07
437 211 Car -1 -1 -2.98 545.86 595.91 766.83 693.14 2.01 1.87 4.77 -1.72 1.84 24.50 -3.05
438 210 Car -1 -1 -2.61 64.26 623.16 338.34 714.78 1.62 1.97 4.70 -10.92 2.13 22.06 -3.07
438 211 Car -1 -1 -2.97 535.09 596.25 756.51 693.41 2.01 1.87 4.77 -1.96 1.85 24.52 -3.05
439 210 Car -1 -1 -2.59 48.77 623.38 323.80 715.59 1.62 1.97 4.70 -11.24 2.14 22.09 -3.07
439 211 Car -1 -1 -2.96 524.32 596.59 746.20 693.68 2.01 1.87 4.77 -2.21 1.86 24.54 -3.05
440 210 Car -1 -1 -2.58 33.30 623.61 309.30 716.40 1.62 1.97 4.70 -11.56 2.16 22.11 -3.07
440 211 Car -1 -1 -2.95 513.58 596.93 735.90 693.95 2.01 1.87 4.77 -2.45 1.87 24.55 -3.05
441 210 Car -1 -1 -2.57 17.88 623.83 294.82 717.21 1.62 1.97 4.70 -11.88 2.17 22.14 -3.07
441 211 Car -1 -1 -2.94 502.85 597.27 725.61 694.22 2.01 1.87 4.77 -2.69 1.87 24.57 -3.05
442 210 Car -1 -1 -2.56 2.34 624.38 280.04 717.69 1.62 1.97 4.70 -12.21 2.18 22.16 -3.07
442 211 Car -1 -1 -2.93 492.13 597.61 715.33 694.48 2.01 1.87 4.77 -2.94 1.88 24.58 -3.04
443 211 Car -1 -1 -2.92 481.43 597.95 705.06 694.75 2.01 1.87 4.77 -3.18 1.89 24.60 -3.04
444 211 Car -1 -1 -2.90 470.75 598.28 694.80 695.02 2.01 1.87 4.77 -3.43 1.90 24.61 -3.04
445 211 Car -1 -1 -2.89 456.65 598.73 681.23 695.37 2.01 1.87 4.77 -3.75 1.91 24.64 -3.04
446 211 Car -1 -1 -2.88 442.58 599.18 667.67 695.72 2.01 1.87 4.77 -4.07 1.92 24.66 -3.04
447 211 Car -1 -1 -2.86 428.53 599.63 654.14 696.06 2.01 1.87 4.77 -4.39 1.93 24.68 -3.04
448 211 Car -1 -1 -2.85 414.52 600.08 640.63 696.41 2.01 1.87 4.77 -4.72 1.94 24.71 -3.04
449 211 Car -1 -1 -2.84 400.53 600.53 627.14 696.76 2.01 1.87 4.77 -5.04 1.95 24.73 -3.04
450 211 Car -1 -1 -2.82 386.58 600.98 613.67 697.11 2.01 1.87 4.77 -5.36 1.96 24.75 -3.04
451 211 Car -1 -1 -2.81 372.65 601.42 600.23 697.45 2.01 1.87 4.77 -5.69 1.97 24.77 -3.04
452 211 Car -1 -1 -2.80 358.75 601.87 586.80 697.80 2.01 1.87 4.77 -6.01 1.98 24.80 -3.03
453 211 Car -1 -1 -2.78 344.88 602.31 573.40 698.14 2.01 1.87 4.77 -6.33 1.99 24.82 -3.03
454 211 Car -1 -1 -2.78 335.05 602.65 563.81 698.38 2.01 1.87 4.77 -6.56 2.00 24.84 -3.04
455 211 Car -1 -1 -2.77 325.24 602.98 554.25 698.62 2.01 1.87 4.77 -6.79 2.01 24.87 -3.04
456 211 Car -1 -1 -2.76 315.44 603.32 544.71 698.86 2.01 1.87 4.77 -7.03 2.02 24.89 -3.04
457 211 Car -1 -1 -2.76 305.67 603.65 535.19 699.09 2.01 1.87 4.77 -7.26 2.03 24.92 -3.04
458 211 Car -1 -1 -2.75 295.90 603.98 525.69 699.33 2.01 1.87 4.77 -7.49 2.04 24.94 -3.04
459 211 Car -1 -1 -2.75 286.16 604.32 516.22 699.57 2.01 1.87 4.77 -7.72 2.04 24.97 -3.05
460 211 Car -1 -1 -2.74 276.38 604.65 506.76 699.80 2.01 1.87 4.77 -7.95 2.05 24.99 -3.05
461 211 Car -1 -1 -2.73 266.61 604.98 497.33 700.04 2.01 1.87 4.77 -8.18 2.06 25.02 -3.05
462 211 Car -1 -1 -2.73 256.86 605.30 487.92 700.28 2.01 1.87 4.77 -8.42 2.07 25.04 -3.05
463 211 Car -1 -1 -2.72 245.13 605.69 476.66 700.57 2.01 1.87 4.77 -8.69 2.08 25.06 -3.05
463 213 Car -1 -1 0.59 10.50 616.59 354.65 746.61 1.68 1.53 4.51 -8.32 1.76 16.25 0.12
464 211 Car -1 -1 -2.71 233.42 606.07 465.42 700.87 2.01 1.87 4.77 -8.97 2.09 25.09 -3.06
464 213 Car -1 -1 0.57 36.59 615.95 379.92 746.23 1.68 1.53 4.51 -7.91 1.74 16.21 0.12
465 211 Car -1 -1 -2.70 221.73 606.45 454.21 701.16 2.01 1.87 4.77 -9.25 2.10 25.11 -3.06
465 213 Car -1 -1 0.55 62.81 615.31 405.30 745.85 1.68 1.53 4.51 -7.50 1.73 16.17 0.12
466 211 Car -1 -1 -2.70 210.06 606.83 443.03 701.46 2.01 1.87 4.77 -9.52 2.11 25.13 -3.06
466 213 Car -1 -1 0.53 89.14 614.66 430.79 745.48 1.68 1.53 4.51 -7.09 1.72 16.14 0.12
467 211 Car -1 -1 -2.69 198.40 607.21 431.86 701.75 2.01 1.87 4.77 -9.80 2.12 25.16 -3.06
467 213 Car -1 -1 0.51 115.61 614.01 456.40 745.09 1.68 1.53 4.51 -6.68 1.71 16.10 0.12
468 211 Car -1 -1 -2.68 186.77 607.59 420.73 702.04 2.01 1.87 4.77 -10.07 2.13 25.18 -3.06
468 213 Car -1 -1 0.49 142.20 613.36 482.12 744.71 1.68 1.53 4.51 -6.27 1.70 16.06 0.12
469 211 Car -1 -1 -2.68 175.15 607.97 409.61 702.33 2.01 1.87 4.77 -10.35 2.14 25.20 -3.06
469 213 Car -1 -1 0.47 169.37 612.68 508.12 743.41 1.68 1.53 4.51 -5.86 1.68 16.03 0.12
470 211 Car -1 -1 -2.67 163.55 608.34 398.52 702.63 2.01 1.87 4.77 -10.63 2.14 25.23 -3.07
470 213 Car -1 -1 0.44 196.67 612.00 534.23 742.10 1.68 1.53 4.51 -5.44 1.66 15.99 0.11
471 211 Car -1 -1 -2.66 151.97 608.72 387.45 702.92 2.01 1.87 4.77 -10.90 2.15 25.25 -3.07
471 213 Car -1 -1 0.42 224.10 611.32 560.46 740.78 1.68 1.53 4.51 -5.03 1.64 15.95 0.11
472 211 Car -1 -1 -2.65 140.40 609.09 376.41 703.21 2.01 1.87 4.77 -11.18 2.16 25.27 -3.07
472 213 Car -1 -1 0.39 251.68 610.63 586.80 739.46 1.68 1.53 4.51 -4.62 1.62 15.91 0.11
473 211 Car -1 -1 -2.65 128.86 609.47 365.38 703.50 2.01 1.87 4.77 -11.46 2.17 25.30 -3.07
473 213 Car -1 -1 0.37 279.38 609.94 613.27 738.13 1.68 1.53 4.51 -4.20 1.60 15.88 0.11
474 211 Car -1 -1 -2.64 117.33 609.84 354.39 703.79 2.01 1.87 4.77 -11.73 2.18 25.32 -3.07
474 213 Car -1 -1 0.35 307.23 609.25 639.86 736.79 1.68 1.53 4.51 -3.79 1.58 15.84 0.11
475 211 Car -1 -1 -2.63 105.82 610.21 343.41 704.08 2.01 1.87 4.77 -12.01 2.19 25.34 -3.08
475 213 Car -1 -1 0.32 335.21 608.55 666.56 735.45 1.68 1.53 4.51 -3.37 1.56 15.80 0.11
476 211 Car -1 -1 -2.63 94.32 610.59 332.46 704.37 2.01 1.87 4.77 -12.29 2.20 25.37 -3.08
476 213 Car -1 -1 0.30 363.33 607.85 693.39 734.10 1.68 1.53 4.51 -2.96 1.55 15.76 0.11
477 211 Car -1 -1 -2.62 82.93 611.02 321.52 704.71 2.01 1.87 4.77 -12.56 2.21 25.39 -3.08
477 213 Car -1 -1 0.27 391.60 607.15 720.34 732.74 1.68 1.53 4.51 -2.55 1.53 15.73 0.11
478 211 Car -1 -1 -2.61 71.55 611.45 310.59 705.04 2.01 1.87 4.77 -12.84 2.22 25.41 -3.08
478 213 Car -1 -1 0.24 419.85 607.19 747.40 732.78 1.68 1.53 4.51 -2.13 1.52 15.68 0.11
479 211 Car -1 -1 -2.60 60.20 611.88 299.68 705.38 2.01 1.87 4.77 -13.12 2.23 25.44 -3.08
479 213 Car -1 -1 0.22 448.26 607.23 774.61 733.20 1.68 1.53 4.51 -1.72 1.51 15.64 0.11
480 211 Car -1 -1 -2.59 48.86 612.31 288.79 705.71 2.01 1.87 4.77 -13.39 2.24 25.46 -3.08
480 213 Car -1 -1 0.19 476.84 607.27 801.96 733.63 1.68 1.53 4.51 -1.31 1.50 15.59 0.11
481 211 Car -1 -1 -2.58 37.56 612.73 277.96 706.05 2.01 1.87 4.77 -13.67 2.26 25.48 -3.08
481 213 Car -1 -1 0.17 505.60 607.31 829.47 734.06 1.68 1.53 4.51 -0.89 1.50 15.55 0.11
482 211 Car -1 -1 -2.57 26.27 613.16 267.16 706.38 2.01 1.87 4.77 -13.94 2.27 25.51 -3.08
482 213 Car -1 -1 0.14 534.52 607.11 858.01 734.49 1.68 1.53 4.51 -0.48 1.49 15.50 0.11
483 211 Car -1 -1 -2.57 15.01 613.59 256.38 706.72 2.01 1.87 4.77 -14.22 2.28 25.53 -3.07
483 213 Car -1 -1 0.11 563.31 606.30 888.75 734.93 1.68 1.53 4.51 -0.07 1.48 15.46 0.11
484 211 Car -1 -1 -2.56 3.77 614.01 245.62 707.05 2.01 1.87 4.77 -14.50 2.29 25.55 -3.07
484 214 Car -1 -1 0.49 15.82 598.59 508.62 774.94 1.89 1.87 5.21 -5.59 1.43 13.02 0.08
484 213 Car -1 -1 0.09 592.28 605.49 919.88 735.36 1.68 1.53 4.51 0.35 1.47 15.42 0.11
485 214 Car -1 -1 0.47 42.51 598.30 533.20 774.12 1.89 1.87 5.21 -5.27 1.43 13.00 0.08
485 213 Car -1 -1 0.06 621.42 604.67 951.32 735.80 1.68 1.53 4.51 0.76 1.47 15.37 0.11
486 214 Car -1 -1 0.45 69.31 598.02 557.88 773.29 1.89 1.87 5.21 -4.95 1.42 12.97 0.08
486 213 Car -1 -1 0.03 650.74 603.85 982.96 736.24 1.68 1.53 4.51 1.17 1.46 15.33 0.11
487 214 Car -1 -1 0.43 96.16 597.88 582.73 773.07 1.89 1.87 5.21 -4.62 1.41 12.94 0.08
487 213 Car -1 -1 0.01 679.68 604.02 1013.84 736.85 1.68 1.53 4.51 1.58 1.46 15.28 0.11
488 214 Car -1 -1 0.40 123.13 597.74 607.68 772.84 1.89 1.87 5.21 -4.30 1.41 12.92 0.08
488 213 Car -1 -1 -0.02 708.79 604.20 1044.91 737.46 1.68 1.53 4.51 1.98 1.46 15.24 0.11
489 214 Car -1 -1 0.38 150.21 597.60 632.72 773.05 1.89 1.87 5.21 -3.98 1.40 12.89 0.08
489 213 Car -1 -1 -0.05 738.07 604.38 1076.18 738.07 1.68 1.53 4.51 2.38 1.46 15.20 0.11
490 214 Car -1 -1 0.36 177.41 597.45 657.85 773.28 1.89 1.87 5.21 -3.66 1.40 12.87 0.08
490 213 Car -1 -1 -0.07 767.52 604.56 1107.63 738.68 1.68 1.53 4.51 2.79 1.46 15.15 0.11
491 214 Car -1 -1 0.34 204.72 597.31 683.08 773.51 1.89 1.87 5.21 -3.33 1.39 12.84 0.08
491 213 Car -1 -1 -0.10 797.15 604.74 1139.27 739.30 1.68 1.53 4.51 3.19 1.46 15.11 0.11
492 214 Car -1 -1 0.31 232.16 597.17 708.41 773.74 1.89 1.87 5.21 -3.01 1.39 12.81 0.08
492 213 Car -1 -1 -0.13 826.96 604.92 1171.11 739.92 1.68 1.53 4.51 3.59 1.46 15.07 0.11
493 214 Car -1 -1 0.29 259.71 597.03 733.84 773.97 1.89 1.87 5.21 -2.69 1.38 12.79 0.08
493 213 Car -1 -1 -0.15 856.16 605.11 1203.15 740.55 1.68 1.53 4.51 4.00 1.47 15.02 0.11
494 214 Car -1 -1 0.27 287.38 596.88 759.36 774.20 1.89 1.87 5.21 -2.36 1.37 12.76 0.08
494 213 Car -1 -1 -0.18 883.45 605.29 1235.38 741.18 1.68 1.53 4.51 4.40 1.47 14.98 0.11
495 214 Car -1 -1 0.24 315.18 596.74 784.98 774.44 1.89 1.87 5.21 -2.04 1.37 12.74 0.08
495 213 Car -1 -1 -0.20 910.88 605.47 1267.82 741.81 1.68 1.53 4.51 4.80 1.47 14.94 0.11
496 214 Car -1 -1 0.22 343.01 596.57 810.78 774.64 1.89 1.87 5.21 -1.72 1.37 12.71 0.08
496 213 Car -1 -1 -0.23 940.51 605.83 1302.88 742.68 1.68 1.53 4.51 5.24 1.47 14.89 0.11
497 214 Car -1 -1 0.19 370.97 596.40 839.29 774.85 1.89 1.87 5.21 -1.39 1.36 12.68 0.08
497 213 Car -1 -1 -0.26 970.31 606.19 1338.18 743.56 1.68 1.53 4.51 5.67 1.47 14.84 0.11
498 214 Car -1 -1 0.17 399.06 596.24 869.52 775.06 1.89 1.87 5.21 -1.07 1.36 12.66 0.08
498 213 Car -1 -1 -0.28 1000.29 606.56 1373.72 744.44 1.68 1.53 4.51 6.10 1.48 14.80 0.11
499 214 Car -1 -1 0.14 427.26 596.07 899.88 775.27 1.89 1.87 5.21 -0.75 1.36 12.63 0.08
499 213 Car -1 -1 -0.31 1030.45 606.92 1409.49 745.33 1.68 1.53 4.51 6.54 1.48 14.75 0.11
500 214 Car -1 -1 0.12 455.59 595.89 930.38 775.48 1.89 1.87 5.21 -0.42 1.36 12.60 0.08
501 214 Car -1 -1 0.09 484.05 595.72 961.03 775.69 1.89 1.87 5.21 -0.10 1.35 12.58 0.08
502 214 Car -1 -1 0.06 512.62 595.55 991.81 775.90 1.89 1.87 5.21 0.22 1.35 12.55 0.08
503 214 Car -1 -1 0.04 541.33 595.38 1022.73 776.11 1.89 1.87 5.21 0.55 1.35 12.53 0.08
504 214 Car -1 -1 0.01 570.16 595.21 1053.80 776.33 1.89 1.87 5.21 0.87 1.34 12.50 0.08
505 214 Car -1 -1 -0.01 599.12 595.03 1085.01 776.54 1.89 1.87 5.21 1.19 1.34 12.47 0.08
506 214 Car -1 -1 -0.04 628.21 594.86 1116.37 776.76 1.89 1.87 5.21 1.51 1.34 12.45 0.08
507 214 Car -1 -1 -0.06 657.43 594.68 1147.87 776.97 1.89 1.87 5.21 1.84 1.33 12.42 0.08
508 214 Car -1 -1 -0.09 686.79 594.51 1179.51 777.19 1.89 1.87 5.21 2.16 1.33 12.40 0.08
509 214 Car -1 -1 -0.12 716.27 594.33 1211.31 777.41 1.89 1.87 5.21 2.48 1.33 12.37 0.08
510 214 Car -1 -1 -0.14 745.88 594.15 1243.25 777.63 1.89 1.87 5.21 2.81 1.33 12.34 0.08
511 214 Car -1 -1 -0.17 775.63 593.97 1275.34 777.85 1.89 1.87 5.21 3.13 1.32 12.32 0.08
512 214 Car -1 -1 -0.19 805.51 593.79 1307.58 778.07 1.89 1.87 5.21 3.45 1.32 12.29 0.08
513 214 Car -1 -1 -0.22 833.44 593.61 1339.97 778.30 1.89 1.87 5.21 3.78 1.32 12.27 0.08
514 214 Car -1 -1 -0.24 861.25 593.42 1374.85 778.54 1.89 1.87 5.21 4.12 1.31 12.24 0.08
515 214 Car -1 -1 -0.27 889.16 593.23 1409.90 778.78 1.89 1.87 5.21 4.47 1.31 12.21 0.08
