0 335 Car -1 -1 -1.36 386.16 603.12 591.22 769.57 1.60 1.65 3.16 -2.72 1.31 12.49 -1.57
0 336 Car -1 -1 -1.42 492.89 592.24 630.61 712.46 1.74 1.64 4.42 -2.84 1.40 18.44 -1.57
0 337 Car -1 -1 -1.62 720.27 586.47 798.71 659.06 1.76 1.90 4.03 0.61 1.51 28.75 -1.60
1 335 Car -1 -1 -1.35 382.72 602.08 590.86 770.63 1.60 1.65 3.16 -2.70 1.29 12.33 -1.57
1 336 Car -1 -1 -1.42 491.50 592.08 630.52 713.35 1.74 1.64 4.42 -2.82 1.39 18.30 -1.57
1 337 Car -1 -1 -1.61 721.27 586.42 799.61 659.34 1.76 1.90 4.03 0.63 1.51 28.62 -1.59
2 335 Car -1 -1 -1.35 376.69 602.92 588.96 774.61 1.60 1.65 3.16 -2.70 1.29 12.15 -1.57
2 336 Car -1 -1 -1.41 489.51 592.79 630.21 715.67 1.74 1.64 4.42 -2.81 1.40 18.11 -1.57
2 337 Car -1 -1 -1.61 722.28 586.36 800.52 659.62 1.76 1.90 4.03 0.65 1.50 28.50 -1.59
3 335 Car -1 -1 -1.35 370.44 603.77 587.01 778.72 1.60 1.65 3.16 -2.70 1.30 11.97 -1.57
3 336 Car -1 -1 -1.41 487.48 593.53 629.90 718.04 1.74 1.64 4.42 -2.80 1.41 17.93 -1.57
3 337 Car -1 -1 -1.61 723.29 586.30 801.44 659.91 1.76 1.90 4.03 0.68 1.50 28.38 -1.59
4 335 Car -1 -1 -1.34 363.97 604.66 585.00 782.98 1.60 1.65 3.16 -2.70 1.30 11.79 -1.57
4 336 Car -1 -1 -1.41 485.39 594.27 629.58 720.46 1.74 1.64 4.42 -2.79 1.42 17.75 -1.57
4 337 Car -1 -1 -1.61 724.32 586.24 802.36 660.20 1.76 1.90 4.03 0.70 1.49 28.25 -1.58
5 335 Car -1 -1 -1.34 357.27 605.56 582.95 787.40 1.60 1.65 3.16 -2.71 1.30 11.61 -1.57
5 336 Car -1 -1 -1.41 483.25 595.03 629.26 722.95 1.74 1.64 4.42 -2.78 1.43 17.57 -1.57
5 337 Car -1 -1 -1.60 725.07 586.19 803.30 660.49 1.76 1.90 4.03 0.72 1.49 28.13 -1.58
6 335 Car -1 -1 -1.34 350.33 606.49 580.83 791.97 1.60 1.65 3.16 -2.71 1.31 11.43 -1.57
6 336 Car -1 -1 -1.41 481.07 595.80 628.93 725.49 1.74 1.64 4.42 -2.76 1.44 17.38 -1.57
6 337 Car -1 -1 -1.60 725.63 586.13 804.24 660.78 1.76 1.90 4.03 0.74 1.49 28.01 -1.57
7 335 Car -1 -1 -1.33 343.12 607.45 578.66 796.72 1.60 1.65 3.16 -2.71 1.31 11.25 -1.57
7 336 Car -1 -1 -1.41 478.83 596.59 628.60 728.10 1.74 1.64 4.42 -2.75 1.45 17.20 -1.57
7 338 Car -1 -1 -1.75 873.03 587.33 1009.76 689.73 1.76 1.88 4.24 3.97 1.37 21.15 -1.57
7 337 Car -1 -1 -1.60 726.20 586.07 805.19 661.08 1.76 1.90 4.03 0.77 1.48 27.88 -1.57
8 335 Car -1 -1 -1.33 335.64 608.44 576.42 801.65 1.60 1.65 3.16 -2.71 1.32 11.07 -1.57
8 336 Car -1 -1 -1.41 476.53 597.40 628.25 730.77 1.74 1.64 4.42 -2.74 1.45 17.02 -1.57
8 338 Car -1 -1 -1.76 875.01 587.33 1013.47 690.71 1.76 1.88 4.24 3.99 1.37 20.97 -1.57
8 337 Car -1 -1 -1.59 726.77 586.01 806.15 661.38 1.76 1.90 4.03 0.79 1.48 27.76 -1.57
9 335 Car -1 -1 -1.33 327.86 609.45 574.12 806.77 1.60 1.65 3.16 -2.71 1.32 10.89 -1.57
9 336 Car -1 -1 -1.41 474.18 598.21 627.91 733.51 1.74 1.64 4.42 -2.73 1.46 16.83 -1.57
9 338 Car -1 -1 -1.76 877.02 587.34 1017.25 691.70 1.76 1.88 4.24 4.01 1.36 20.79 -1.57
9 337 Car -1 -1 -1.59 727.34 585.88 807.07 661.56 1.76 1.90 4.03 0.81 1.47 27.65 -1.56
10 335 Car -1 -1 -1.32 319.78 610.49 571.75 812.09 1.60 1.65 3.16 -2.71 1.33 10.71 -1.57
10 336 Car -1 -1 -1.41 471.76 599.05 627.55 736.31 1.74 1.64 4.42 -2.72 1.47 16.65 -1.57
10 338 Car -1 -1 -1.76 879.06 587.34 1021.10 692.71 1.76 1.88 4.24 4.03 1.36 20.62 -1.57
10 337 Car -1 -1 -1.59 727.91 585.74 807.99 661.74 1.76 1.90 4.03 0.83 1.46 27.54 -1.56
11 335 Car -1 -1 -1.32 311.37 611.57 569.31 817.63 1.60 1.65 3.16 -2.71 1.33 10.52 -1.57
11 336 Car -1 -1 -1.41 469.29 599.90 627.19 739.19 1.74 1.64 4.42 -2.70 1.48 16.47 -1.57
11 338 Car -1 -1 -1.76 881.13 587.35 1025.03 693.74 1.76 1.88 4.24 4.05 1.36 20.44 -1.57
11 337 Car -1 -1 -1.59 728.48 585.60 808.93 661.92 1.76 1.90 4.03 0.86 1.46 27.42 -1.55
12 335 Car -1 -1 -1.31 302.61 612.68 566.79 823.40 1.60 1.65 3.16 -2.71 1.33 10.34 -1.57
12 336 Car -1 -1 -1.40 466.98 599.85 627.04 740.99 1.74 1.64 4.42 -2.69 1.47 16.28 -1.57
12 338 Car -1 -1 -1.77 883.24 587.35 1029.04 694.80 1.76 1.88 4.24 4.07 1.35 20.26 -1.57
12 337 Car -1 -1 -1.58 729.07 585.46 809.87 662.10 1.76 1.90 4.03 0.88 1.45 27.31 -1.55
13 335 Car -1 -1 -1.31 293.49 613.82 564.20 829.41 1.60 1.65 3.16 -2.71 1.34 10.16 -1.57
13 336 Car -1 -1 -1.40 464.61 599.80 626.88 742.83 1.74 1.64 4.42 -2.67 1.47 16.09 -1.57
13 338 Car -1 -1 -1.77 885.37 587.36 1033.12 695.87 1.76 1.88 4.24 4.09 1.35 20.08 -1.57
13 337 Car -1 -1 -1.58 729.65 585.32 810.82 662.28 1.76 1.90 4.03 0.90 1.45 27.20 -1.55
14 335 Car -1 -1 -1.31 283.97 614.99 561.53 835.69 1.60 1.65 3.16 -2.71 1.34 9.98 -1.57
14 336 Car -1 -1 -1.40 462.18 599.75 626.72 744.72 1.74 1.64 4.42 -2.66 1.46 15.91 -1.57
14 338 Car -1 -1 -1.77 887.55 587.37 1037.29 696.96 1.76 1.88 4.24 4.11 1.35 19.90 -1.57
14 337 Car -1 -1 -1.58 730.25 585.18 811.77 662.47 1.76 1.90 4.03 0.92 1.44 27.09 -1.54
15 335 Car -1 -1 -1.30 274.03 616.21 558.77 842.23 1.60 1.65 3.16 -2.71 1.35 9.80 -1.57
15 336 Car -1 -1 -1.40 459.68 599.70 626.55 746.66 1.74 1.64 4.42 -2.64 1.45 15.72 -1.57
15 338 Car -1 -1 -1.77 889.76 587.37 1041.54 698.08 1.76 1.88 4.24 4.13 1.34 19.73 -1.57
15 337 Car -1 -1 -1.57 730.85 585.04 812.74 662.66 1.76 1.90 4.03 0.94 1.43 26.98 -1.54
16 335 Car -1 -1 -1.30 263.64 617.46 555.92 849.08 1.60 1.65 3.16 -2.71 1.35 9.62 -1.57
16 336 Car -1 -1 -1.40 457.11 599.65 626.38 748.66 1.74 1.64 4.42 -2.62 1.45 15.53 -1.57
16 338 Car -1 -1 -1.78 892.00 587.38 1045.87 699.22 1.76 1.88 4.24 4.15 1.34 19.55 -1.57
16 337 Car -1 -1 -1.57 731.45 584.90 813.71 662.85 1.76 1.90 4.03 0.97 1.43 26.87 -1.53
17 335 Car -1 -1 -1.29 252.77 618.76 552.98 856.23 1.60 1.65 3.16 -2.71 1.36 9.44 -1.57
17 336 Car -1 -1 -1.40 454.46 599.60 626.21 750.72 1.74 1.64 4.42 -2.61 1.44 15.34 -1.57
17 338 Car -1 -1 -1.78 894.28 587.39 1050.30 700.38 1.76 1.88 4.24 4.17 1.33 19.37 -1.57
17 337 Car -1 -1 -1.57 732.06 584.75 814.69 663.04 1.76 1.90 4.03 0.99 1.42 26.76 -1.53
18 335 Car -1 -1 -1.29 241.39 620.10 549.94 863.73 1.60 1.65 3.16 -2.71 1.36 9.26 -1.57
18 336 Car -1 -1 -1.40 451.74 599.54 626.04 752.83 1.74 1.64 4.42 -2.59 1.43 15.16 -1.57
18 338 Car -1 -1 -1.78 895.60 587.18 1053.57 701.30 1.76 1.88 4.24 4.17 1.33 19.19 -1.57
18 337 Car -1 -1 -1.56 732.68 584.61 815.68 663.23 1.76 1.90 4.03 1.01 1.42 26.64 -1.53
19 335 Car -1 -1 -1.28 229.46 621.48 546.80 871.59 1.60 1.65 3.16 -2.71 1.36 9.08 -1.57
19 336 Car -1 -1 -1.40 448.94 599.49 625.86 755.01 1.74 1.64 4.42 -2.58 1.42 14.97 -1.57
19 338 Car -1 -1 -1.78 896.95 586.98 1056.91 702.25 1.76 1.88 4.24 4.17 1.32 19.01 -1.57
19 339 Car -1 -1 -1.40 597.21 584.28 690.26 655.25 1.79 1.86 4.43 -2.45 1.48 29.95 -1.49
19 337 Car -1 -1 -1.56 733.30 584.46 816.68 663.42 1.76 1.90 4.03 1.03 1.41 26.53 -1.52
20 335 Car -1 -1 -1.27 216.94 622.91 543.54 879.84 1.60 1.65 3.16 -2.71 1.37 8.89 -1.57
20 336 Car -1 -1 -1.40 446.06 599.43 625.67 757.25 1.74 1.64 4.42 -2.56 1.42 14.78 -1.57
20 338 Car -1 -1 -1.79 898.31 586.77 1060.32 703.21 1.76 1.88 4.24 4.17 1.31 18.84 -1.57
20 339 Car -1 -1 -1.40 596.82 584.32 690.34 655.72 1.79 1.86 4.43 -2.43 1.48 29.78 -1.49
20 337 Car -1 -1 -1.56 733.55 584.71 817.30 664.07 1.76 1.90 4.03 1.04 1.41 26.43 -1.52
21 335 Car -1 -1 -1.27 207.34 623.01 541.61 885.34 1.60 1.65 3.16 -2.70 1.36 8.75 -1.57
21 336 Car -1 -1 -1.40 442.45 598.82 624.68 758.40 1.74 1.64 4.42 -2.56 1.40 14.63 -1.57
21 338 Car -1 -1 -1.79 899.70 586.55 1063.80 704.19 1.76 1.88 4.24 4.17 1.30 18.66 -1.57
21 339 Car -1 -1 -1.40 596.43 584.36 690.42 656.19 1.79 1.86 4.43 -2.42 1.48 29.62 -1.49
21 337 Car -1 -1 -1.56 733.81 584.97 817.93 664.72 1.76 1.90 4.03 1.04 1.42 26.32 -1.52
22 335 Car -1 -1 -1.27 197.33 623.12 539.63 891.08 1.60 1.65 3.16 -2.69 1.35 8.60 -1.57
22 336 Car -1 -1 -1.39 438.75 598.19 623.67 759.58 1.74 1.64 4.42 -2.56 1.39 14.47 -1.57
22 338 Car -1 -1 -1.79 901.11 586.34 1067.36 705.20 1.76 1.88 4.24 4.17 1.29 18.48 -1.57
22 339 Car -1 -1 -1.41 596.04 584.40 690.51 656.67 1.79 1.86 4.43 -2.41 1.48 29.46 -1.49
22 337 Car -1 -1 -1.56 734.06 585.23 818.56 665.38 1.76 1.90 4.03 1.05 1.42 26.21 -1.52
23 335 Car -1 -1 -1.26 186.89 623.22 537.58 897.07 1.60 1.65 3.16 -2.68 1.35 8.45 -1.57
23 336 Car -1 -1 -1.39 434.96 597.55 622.64 760.78 1.74 1.64 4.42 -2.56 1.37 14.31 -1.57
23 338 Car -1 -1 -1.79 902.55 586.11 1071.00 706.23 1.76 1.88 4.24 4.16 1.29 18.30 -1.57
23 339 Car -1 -1 -1.41 595.64 584.44 690.59 657.16 1.79 1.86 4.43 -2.40 1.48 29.29 -1.49
23 337 Car -1 -1 -1.56 734.32 585.48 819.20 666.04 1.76 1.90 4.03 1.05 1.43 26.10 -1.52
24 335 Car -1 -1 -1.26 175.98 623.33 535.47 903.33 1.60 1.65 3.16 -2.68 1.34 8.30 -1.57
24 336 Car -1 -1 -1.39 431.07 596.89 621.60 762.02 1.74 1.64 4.42 -2.56 1.36 14.16 -1.57
24 338 Car -1 -1 -1.79 904.01 585.89 1074.71 707.28 1.76 1.88 4.24 4.16 1.28 18.12 -1.57
24 339 Car -1 -1 -1.41 595.24 584.48 690.68 657.65 1.79 1.86 4.43 -2.39 1.47 29.13 -1.49
24 337 Car -1 -1 -1.56 734.58 585.75 819.84 666.71 1.76 1.90 4.03 1.06 1.43 25.99 -1.52
25 335 Car -1 -1 -1.25 164.57 623.45 533.30 909.87 1.60 1.65 3.16 -2.67 1.33 8.15 -1.57
25 336 Car -1 -1 -1.39 427.07 596.23 620.53 763.30 1.74 1.64 4.42 -2.56 1.34 14.00 -1.57
25 338 Car -1 -1 -1.80 905.50 585.66 1078.51 708.35 1.76 1.88 4.24 4.16 1.27 17.95 -1.57
25 339 Car -1 -1 -1.41 594.83 584.52 690.77 658.15 1.79 1.86 4.43 -2.38 1.47 28.96 -1.49
25 337 Car -1 -1 -1.56 734.85 586.01 820.49 667.38 1.76 1.90 4.03 1.07 1.44 25.89 -1.52
26 335 Car -1 -1 -1.25 152.64 623.56 531.05 916.72 1.60 1.65 3.16 -2.66 1.33 8.00 -1.57
26 336 Car -1 -1 -1.39 422.97 595.55 619.44 764.60 1.74 1.64 4.42 -2.56 1.33 13.85 -1.57
26 338 Car -1 -1 -1.80 907.01 585.43 1082.40 709.45 1.76 1.88 4.24 4.16 1.26 17.77 -1.57
26 339 Car -1 -1 -1.41 594.42 584.57 690.85 658.65 1.79 1.86 4.43 -2.37 1.47 28.80 -1.49
26 337 Car -1 -1 -1.57 735.11 586.27 821.15 668.06 1.76 1.90 4.03 1.07 1.44 25.78 -1.52
27 335 Car -1 -1 -1.24 140.13 623.68 528.74 923.89 1.60 1.65 3.16 -2.65 1.32 7.85 -1.57
27 336 Car -1 -1 -1.38 418.75 594.86 618.33 765.94 1.74 1.64 4.42 -2.56 1.31 13.69 -1.57
27 338 Car -1 -1 -1.80 908.55 585.19 1086.38 710.57 1.76 1.88 4.24 4.16 1.25 17.59 -1.57
27 339 Car -1 -1 -1.41 594.00 584.61 690.94 659.16 1.79 1.86 4.43 -2.36 1.47 28.64 -1.49
27 337 Car -1 -1 -1.57 735.38 586.54 821.81 668.75 1.76 1.90 4.03 1.08 1.45 25.67 -1.52
28 335 Car -1 -1 -1.24 127.02 623.81 526.36 931.41 1.60 1.65 3.16 -2.64 1.31 7.70 -1.57
28 336 Car -1 -1 -1.38 414.42 594.15 617.19 767.32 1.74 1.64 4.42 -2.56 1.30 13.53 -1.57
28 338 Car -1 -1 -1.80 910.19 585.50 1090.64 712.50 1.76 1.88 4.24 4.16 1.26 17.41 -1.57
28 339 Car -1 -1 -1.41 593.57 584.65 691.03 659.68 1.79 1.86 4.43 -2.35 1.47 28.47 -1.49
28 337 Car -1 -1 -1.57 735.65 586.81 822.48 669.44 1.76 1.90 4.03 1.08 1.45 25.56 -1.52
29 335 Car -1 -1 -1.23 113.24 623.94 523.89 939.31 1.60 1.65 3.16 -2.64 1.30 7.55 -1.57
29 336 Car -1 -1 -1.38 409.97 593.43 616.04 768.74 1.74 1.64 4.42 -2.56 1.28 13.38 -1.57
29 338 Car -1 -1 -1.81 911.86 585.81 1095.00 714.47 1.76 1.88 4.24 4.16 1.26 17.22 -1.57
29 339 Car -1 -1 -1.41 593.14 584.69 691.12 660.21 1.79 1.86 4.43 -2.34 1.46 28.31 -1.49
29 337 Car -1 -1 -1.57 735.92 587.08 823.15 670.14 1.76 1.90 4.03 1.09 1.46 25.45 -1.52
30 335 Car -1 -1 -1.23 98.76 624.07 521.34 947.62 1.60 1.65 3.16 -2.63 1.30 7.40 -1.57
30 336 Car -1 -1 -1.38 405.39 592.70 614.86 770.20 1.74 1.64 4.42 -2.56 1.27 13.22 -1.57
30 338 Car -1 -1 -1.81 913.57 586.13 1099.48 716.49 1.76 1.88 4.24 4.16 1.26 17.03 -1.57
30 339 Car -1 -1 -1.41 592.62 585.37 691.14 661.48 1.79 1.86 4.43 -2.34 1.48 28.14 -1.49
30 337 Car -1 -1 -1.57 736.11 587.27 823.73 670.74 1.76 1.90 4.03 1.09 1.46 25.35 -1.53
31 335 Car -1 -1 -1.22 80.18 624.02 517.20 956.81 1.60 1.65 3.16 -2.63 1.29 7.24 -1.57
31 336 Car -1 -1 -1.37 399.00 593.41 613.21 774.65 1.74 1.64 4.42 -2.56 1.27 13.01 -1.57
31 338 Car -1 -1 -1.81 915.31 586.46 1104.07 718.57 1.76 1.88 4.24 4.16 1.26 16.85 -1.57
31 339 Car -1 -1 -1.41 592.09 586.05 691.15 662.77 1.79 1.86 4.43 -2.33 1.50 27.98 -1.49
31 337 Car -1 -1 -1.57 736.29 587.46 824.30 671.34 1.76 1.90 4.03 1.09 1.46 25.25 -1.53
32 335 Car -1 -1 -1.21 60.51 623.97 512.89 966.55 1.60 1.65 3.16 -2.63 1.28 7.08 -1.57
32 336 Car -1 -1 -1.37 392.36 594.13 611.52 779.27 1.74 1.64 4.42 -2.56 1.28 12.80 -1.57
32 338 Car -1 -1 -1.81 917.08 586.80 1108.77 720.69 1.76 1.88 4.24 4.16 1.26 16.66 -1.57
32 339 Car -1 -1 -1.41 591.55 586.74 691.17 664.07 1.79 1.86 4.43 -2.32 1.51 27.82 -1.49
32 337 Car -1 -1 -1.57 736.48 587.66 824.88 671.94 1.76 1.90 4.03 1.09 1.46 25.14 -1.53
33 335 Car -1 -1 -1.21 39.64 623.92 508.43 976.88 1.60 1.65 3.16 -2.63 1.27 6.92 -1.57
33 336 Car -1 -1 -1.37 385.45 594.88 609.78 784.08 1.74 1.64 4.42 -2.56 1.28 12.59 -1.57
33 338 Car -1 -1 -1.82 918.89 587.14 1113.60 722.87 1.76 1.88 4.24 4.16 1.27 16.47 -1.57
33 339 Car -1 -1 -1.41 591.01 587.44 691.19 665.40 1.79 1.86 4.43 -2.31 1.53 27.65 -1.49
33 337 Car -1 -1 -1.57 736.66 587.86 825.47 672.55 1.76 1.90 4.03 1.10 1.47 25.04 -1.53
34 335 Car -1 -1 -1.20 17.46 623.87 503.79 987.86 1.60 1.65 3.16 -2.64 1.26 6.75 -1.57
34 336 Car -1 -1 -1.36 378.26 595.65 607.99 789.09 1.74 1.64 4.42 -2.56 1.29 12.38 -1.57
34 338 Car -1 -1 -1.82 920.74 587.48 1118.56 725.11 1.76 1.88 4.24 4.16 1.27 16.29 -1.57
34 339 Car -1 -1 -1.41 590.46 588.14 691.20 666.74 1.79 1.86 4.43 -2.30 1.55 27.49 -1.49
34 337 Car -1 -1 -1.57 736.85 588.05 826.06 673.16 1.76 1.90 4.03 1.10 1.47 24.94 -1.53
35 336 Car -1 -1 -1.36 370.76 596.45 606.15 794.30 1.74 1.64 4.42 -2.56 1.29 12.17 -1.57
35 338 Car -1 -1 -1.82 922.62 587.84 1123.64 727.41 1.76 1.88 4.24 4.16 1.27 16.10 -1.57
35 339 Car -1 -1 -1.41 589.90 588.85 691.22 668.09 1.79 1.86 4.43 -2.30 1.56 27.32 -1.49
35 337 Car -1 -1 -1.57 737.04 588.25 826.66 673.78 1.76 1.90 4.03 1.10 1.47 24.83 -1.53
36 336 Car -1 -1 -1.36 362.94 597.26 604.25 799.75 1.74 1.64 4.42 -2.56 1.30 11.96 -1.57
36 338 Car -1 -1 -1.82 924.54 588.20 1128.87 729.77 1.76 1.88 4.24 4.16 1.27 15.91 -1.57
36 339 Car -1 -1 -1.41 589.34 589.57 691.24 669.47 1.79 1.86 4.43 -2.29 1.58 27.16 -1.49
36 337 Car -1 -1 -1.58 737.24 588.45 827.26 674.41 1.76 1.90 4.03 1.10 1.48 24.73 -1.53
37 336 Car -1 -1 -1.35 354.78 598.10 602.30 805.43 1.74 1.64 4.42 -2.56 1.30 11.75 -1.57
37 338 Car -1 -1 -1.83 926.50 588.57 1134.24 732.20 1.76 1.88 4.24 4.16 1.27 15.73 -1.57
37 340 Car -1 -1 -1.74 879.48 590.84 985.01 687.20 1.69 1.42 3.95 3.89 1.42 21.50 -1.56
37 339 Car -1 -1 -1.41 588.76 590.30 691.25 670.86 1.79 1.86 4.43 -2.28 1.59 26.99 -1.49
37 337 Car -1 -1 -1.58 737.43 588.66 827.87 675.04 1.76 1.90 4.03 1.10 1.48 24.63 -1.53
38 336 Car -1 -1 -1.35 346.25 598.97 600.29 811.37 1.74 1.64 4.42 -2.56 1.30 11.55 -1.57
38 338 Car -1 -1 -1.83 928.18 589.17 1138.86 734.66 1.76 1.88 4.24 4.16 1.28 15.57 -1.57
38 340 Car -1 -1 -1.74 880.55 591.05 987.31 688.38 1.69 1.42 3.95 3.89 1.42 21.32 -1.56
38 339 Car -1 -1 -1.41 588.18 591.04 691.27 672.27 1.79 1.86 4.43 -2.27 1.61 26.83 -1.49
38 337 Car -1 -1 -1.58 737.63 588.86 828.48 675.68 1.76 1.90 4.03 1.11 1.48 24.52 -1.53
39 336 Car -1 -1 -1.35 337.33 599.86 598.21 817.58 1.74 1.64 4.42 -2.56 1.31 11.34 -1.57
39 338 Car -1 -1 -1.83 929.89 589.77 1143.60 737.18 1.76 1.88 4.24 4.16 1.29 15.41 -1.57
39 340 Car -1 -1 -1.74 881.63 591.27 989.65 689.59 1.69 1.42 3.95 3.89 1.42 21.13 -1.56
39 339 Car -1 -1 -1.41 587.59 591.78 691.29 673.70 1.79 1.86 4.43 -2.26 1.63 26.67 -1.49
39 337 Car -1 -1 -1.58 737.83 589.06 829.10 676.32 1.76 1.90 4.03 1.11 1.48 24.42 -1.53
40 336 Car -1 -1 -1.34 327.99 600.78 596.07 824.08 1.74 1.64 4.42 -2.56 1.31 11.13 -1.57
40 338 Car -1 -1 -1.83 931.63 590.39 1148.45 739.76 1.76 1.88 4.24 4.16 1.29 15.26 -1.57
40 340 Car -1 -1 -1.74 882.73 591.49 992.04 690.81 1.69 1.42 3.95 3.89 1.42 20.95 -1.56
40 339 Car -1 -1 -1.41 586.36 591.80 690.84 674.35 1.79 1.86 4.43 -2.27 1.62 26.48 -1.50
40 337 Car -1 -1 -1.58 738.12 589.03 829.81 676.66 1.76 1.90 4.03 1.11 1.48 24.32 -1.54
41 336 Car -1 -1 -1.34 320.16 601.11 593.78 828.22 1.74 1.64 4.42 -2.57 1.31 10.98 -1.57
41 338 Car -1 -1 -1.84 933.41 591.02 1153.41 742.40 1.76 1.88 4.24 4.16 1.30 15.10 -1.57
41 340 Car -1 -1 -1.74 883.85 591.71 994.47 692.07 1.69 1.42 3.95 3.88 1.42 20.76 -1.56
41 339 Car -1 -1 -1.41 585.11 591.82 690.39 675.01 1.79 1.86 4.43 -2.27 1.62 26.30 -1.50
41 337 Car -1 -1 -1.58 738.42 588.99 830.51 677.01 1.76 1.90 4.03 1.11 1.48 24.22 -1.54
42 336 Car -1 -1 -1.34 312.07 601.45 591.44 832.49 1.74 1.64 4.42 -2.58 1.31 10.84 -1.57
42 338 Car -1 -1 -1.84 935.21 591.66 1158.50 745.10 1.76 1.88 4.24 4.16 1.31 14.94 -1.57
42 340 Car -1 -1 -1.75 884.99 591.93 996.95 693.34 1.69 1.42 3.95 3.88 1.42 20.58 -1.56
42 339 Car -1 -1 -1.41 583.85 591.84 689.93 675.68 1.79 1.86 4.43 -2.27 1.61 26.11 -1.50
42 337 Car -1 -1 -1.59 738.72 588.95 831.23 677.35 1.76 1.90 4.03 1.11 1.47 24.12 -1.54
43 336 Car -1 -1 -1.33 303.71 601.79 589.04 836.91 1.74 1.64 4.42 -2.59 1.31 10.70 -1.57
43 338 Car -1 -1 -1.84 937.05 592.31 1163.71 747.87 1.76 1.88 4.24 4.16 1.31 14.79 -1.57
43 340 Car -1 -1 -1.75 886.14 592.16 999.49 694.65 1.69 1.42 3.95 3.88 1.42 20.39 -1.56
43 339 Car -1 -1 -1.41 582.56 591.86 689.47 676.36 1.79 1.86 4.43 -2.28 1.61 25.93 -1.50
43 337 Car -1 -1 -1.59 739.03 588.91 831.95 677.70 1.76 1.90 4.03 1.12 1.47 24.02 -1.54
44 336 Car -1 -1 -1.33 295.06 602.14 586.59 841.49 1.74 1.64 4.42 -2.60 1.31 10.55 -1.57
44 338 Car -1 -1 -1.85 938.92 592.98 1169.06 750.72 1.76 1.88 4.24 4.16 1.32 14.63 -1.57
44 340 Car -1 -1 -1.75 887.32 592.40 1002.07 695.98 1.69 1.42 3.95 3.88 1.42 20.20 -1.56
44 339 Car -1 -1 -1.41 581.25 591.88 689.00 677.05 1.79 1.86 4.43 -2.28 1.60 25.74 -1.50
44 337 Car -1 -1 -1.59 739.33 588.87 832.68 678.05 1.76 1.90 4.03 1.12 1.47 23.92 -1.54
45 336 Car -1 -1 -1.32 286.10 602.49 584.09 846.22 1.74 1.64 4.42 -2.61 1.31 10.41 -1.57
45 338 Car -1 -1 -1.85 940.83 593.65 1174.54 753.63 1.76 1.88 4.24 4.16 1.33 14.47 -1.57
45 340 Car -1 -1 -1.75 888.51 592.63 1004.71 697.34 1.69 1.42 3.95 3.88 1.42 20.02 -1.56
45 339 Car -1 -1 -1.41 579.92 591.90 688.53 677.75 1.79 1.86 4.43 -2.28 1.60 25.56 -1.50
45 337 Car -1 -1 -1.59 739.64 588.83 833.41 678.41 1.76 1.90 4.03 1.12 1.46 23.82 -1.54
46 336 Car -1 -1 -1.32 276.83 602.86 581.52 851.12 1.74 1.64 4.42 -2.62 1.31 10.27 -1.57
46 338 Car -1 -1 -1.85 942.78 594.34 1180.16 756.62 1.76 1.88 4.24 4.16 1.33 14.32 -1.57
46 340 Car -1 -1 -1.75 889.72 592.87 1007.40 698.72 1.69 1.42 3.95 3.87 1.42 19.83 -1.56
46 339 Car -1 -1 -1.41 578.57 591.93 688.04 678.47 1.79 1.86 4.43 -2.29 1.60 25.37 -1.50
46 337 Car -1 -1 -1.59 739.96 588.79 834.15 678.77 1.76 1.90 4.03 1.12 1.46 23.72 -1.55
47 336 Car -1 -1 -1.31 267.23 603.23 578.90 856.19 1.74 1.64 4.42 -2.63 1.31 10.13 -1.57
47 338 Car -1 -1 -1.85 944.76 595.05 1185.92 759.69 1.76 1.88 4.24 4.15 1.34 14.16 -1.57
47 340 Car -1 -1 -1.75 890.96 593.12 1010.15 700.14 1.69 1.42 3.95 3.87 1.42 19.65 -1.56
47 339 Car -1 -1 -1.41 577.19 591.95 687.55 679.19 1.79 1.86 4.43 -2.29 1.59 25.19 -1.50
47 337 Car -1 -1 -1.60 740.27 588.75 834.90 679.13 1.76 1.90 4.03 1.13 1.46 23.62 -1.55
48 336 Car -1 -1 -1.31 257.27 603.62 576.22 861.46 1.74 1.64 4.42 -2.64 1.31 9.98 -1.57
48 338 Car -1 -1 -1.86 947.15 595.36 1192.93 762.68 1.76 1.88 4.24 4.15 1.34 13.97 -1.57
48 340 Car -1 -1 -1.76 892.01 593.34 1012.49 701.36 1.69 1.42 3.95 3.87 1.42 19.49 -1.56
48 339 Car -1 -1 -1.41 575.80 591.97 687.06 679.93 1.79 1.86 4.43 -2.30 1.59 25.00 -1.50
48 337 Car -1 -1 -1.60 740.59 588.71 835.65 679.49 1.76 1.90 4.03 1.13 1.45 23.52 -1.55
49 336 Car -1 -1 -1.31 246.94 604.01 573.47 866.92 1.74 1.64 4.42 -2.65 1.31 9.84 -1.57
49 338 Car -1 -1 -1.86 949.60 595.68 1200.15 765.77 1.76 1.88 4.24 4.15 1.34 13.79 -1.57
49 340 Car -1 -1 -1.76 893.07 593.57 1014.87 702.61 1.69 1.42 3.95 3.87 1.42 19.34 -1.56
49 339 Car -1 -1 -1.41 574.38 591.99 686.56 680.68 1.79 1.86 4.43 -2.30 1.58 24.81 -1.50
49 337 Car -1 -1 -1.60 740.92 588.67 836.41 679.86 1.76 1.90 4.03 1.13 1.45 23.42 -1.55
50 336 Car -1 -1 -1.30 236.21 604.41 570.66 872.59 1.74 1.64 4.42 -2.66 1.30 9.70 -1.57
50 338 Car -1 -1 -1.86 952.11 596.00 1207.61 768.96 1.76 1.88 4.24 4.15 1.34 13.60 -1.57
50 340 Car -1 -1 -1.76 894.15 593.80 1017.29 703.87 1.69 1.42 3.95 3.87 1.42 19.18 -1.56
50 339 Car -1 -1 -1.41 572.76 591.85 685.86 681.20 1.79 1.86 4.43 -2.31 1.57 24.64 -1.50
50 337 Car -1 -1 -1.60 741.24 588.63 837.14 680.19 1.76 1.90 4.03 1.13 1.45 23.33 -1.55
51 336 Car -1 -1 -1.29 224.84 604.72 569.68 879.46 1.74 1.64 4.42 -2.65 1.30 9.53 -1.57
51 338 Car -1 -1 -1.87 954.68 596.33 1215.31 772.25 1.76 1.88 4.24 4.15 1.33 13.42 -1.57
51 340 Car -1 -1 -1.76 895.24 594.04 1019.76 705.17 1.69 1.42 3.95 3.87 1.42 19.03 -1.56
51 339 Car -1 -1 -1.41 571.11 591.70 685.14 681.73 1.79 1.86 4.43 -2.32 1.57 24.46 -1.50
51 337 Car -1 -1 -1.61 741.57 588.58 837.87 680.52 1.76 1.90 4.03 1.13 1.44 23.24 -1.56
52 336 Car -1 -1 -1.29 212.95 605.04 568.67 886.67 1.74 1.64 4.42 -2.64 1.30 9.36 -1.56
52 338 Car -1 -1 -1.87 957.31 596.67 1223.27 775.65 1.76 1.88 4.24 4.15 1.33 13.23 -1.57
52 340 Car -1 -1 -1.76 896.35 594.27 1022.27 706.48 1.69 1.42 3.95 3.86 1.42 18.87 -1.56
52 339 Car -1 -1 -1.41 569.43 591.55 684.42 682.27 1.79 1.86 4.43 -2.32 1.56 24.29 -1.50
52 337 Car -1 -1 -1.61 741.91 588.53 838.61 680.86 1.76 1.90 4.03 1.13 1.44 23.15 -1.56
53 336 Car -1 -1 -1.28 200.48 605.37 567.63 894.23 1.74 1.64 4.42 -2.63 1.30 9.18 -1.56
53 338 Car -1 -1 -1.88 960.00 597.02 1231.50 779.17 1.76 1.88 4.24 4.15 1.33 13.05 -1.57
53 340 Car -1 -1 -1.76 897.48 594.52 1024.83 707.82 1.69 1.42 3.95 3.86 1.42 18.72 -1.56
53 339 Car -1 -1 -1.40 567.73 591.40 683.69 682.82 1.79 1.86 4.43 -2.33 1.55 24.11 -1.50
53 337 Car -1 -1 -1.61 742.24 588.49 839.36 681.19 1.76 1.90 4.03 1.13 1.44 23.06 -1.56
54 336 Car -1 -1 -1.27 187.41 605.71 566.55 902.18 1.74 1.64 4.42 -2.62 1.29 9.01 -1.55
54 338 Car -1 -1 -1.88 962.76 597.38 1240.01 782.80 1.76 1.88 4.24 4.15 1.33 12.86 -1.57
54 340 Car -1 -1 -1.76 898.62 594.76 1027.44 709.18 1.69 1.42 3.95 3.86 1.42 18.56 -1.56
54 339 Car -1 -1 -1.40 565.99 591.25 682.95 683.38 1.79 1.86 4.43 -2.34 1.54 23.94 -1.50
54 337 Car -1 -1 -1.61 742.12 588.44 840.11 681.53 1.76 1.90 4.03 1.13 1.44 22.97 -1.57
55 336 Car -1 -1 -1.26 173.68 606.07 565.44 910.54 1.74 1.64 4.42 -2.62 1.29 8.84 -1.55
55 338 Car -1 -1 -1.89 965.58 597.75 1248.82 786.57 1.76 1.88 4.24 4.15 1.33 12.68 -1.57
55 340 Car -1 -1 -1.77 899.79 595.01 1030.10 710.58 1.69 1.42 3.95 3.86 1.42 18.41 -1.56
55 339 Car -1 -1 -1.40 564.24 591.10 682.20 683.95 1.79 1.86 4.43 -2.35 1.53 23.76 -1.50
55 337 Car -1 -1 -1.62 741.94 588.39 840.87 681.87 1.76 1.90 4.03 1.13 1.43 22.88 -1.57
56 336 Car -1 -1 -1.26 159.24 606.43 564.29 919.36 1.74 1.64 4.42 -2.61 1.29 8.67 -1.55
56 338 Car -1 -1 -1.89 968.48 598.12 1257.95 790.47 1.76 1.88 4.24 4.15 1.33 12.49 -1.57
56 340 Car -1 -1 -1.77 900.96 595.26 1032.81 711.99 1.69 1.42 3.95 3.86 1.42 18.25 -1.56
56 339 Car -1 -1 -1.40 562.45 590.94 681.44 684.52 1.79 1.86 4.43 -2.36 1.53 23.58 -1.50
56 337 Car -1 -1 -1.62 741.75 588.34 841.63 682.22 1.76 1.90 4.03 1.13 1.43 22.78 -1.57
57 336 Car -1 -1 -1.25 144.04 606.80 563.10 928.66 1.74 1.64 4.42 -2.60 1.28 8.50 -1.54
57 338 Car -1 -1 -1.89 971.11 597.60 1266.54 792.98 1.76 1.88 4.24 4.15 1.32 12.32 -1.57
57 340 Car -1 -1 -1.77 902.38 594.89 1035.44 712.68 1.69 1.42 3.95 3.86 1.41 18.09 -1.56
57 339 Car -1 -1 -1.40 560.63 590.79 680.67 685.11 1.79 1.86 4.43 -2.37 1.52 23.41 -1.50
57 337 Car -1 -1 -1.62 741.57 588.29 842.40 682.56 1.76 1.90 4.03 1.13 1.43 22.69 -1.57
58 336 Car -1 -1 -1.24 128.02 607.19 561.88 938.48 1.74 1.64 4.42 -2.59 1.28 8.33 -1.54
58 338 Car -1 -1 -1.90 973.80 597.07 1275.42 795.57 1.76 1.88 4.24 4.15 1.31 12.15 -1.57
58 340 Car -1 -1 -1.77 903.82 594.50 1038.13 713.39 1.69 1.42 3.95 3.85 1.40 17.93 -1.56
58 339 Car -1 -1 -1.40 558.78 590.63 679.89 685.70 1.79 1.86 4.43 -2.38 1.51 23.23 -1.50
58 337 Car -1 -1 -1.63 741.38 588.25 843.17 682.91 1.76 1.90 4.03 1.13 1.42 22.60 -1.58
59 336 Car -1 -1 -1.23 111.10 607.59 560.60 948.89 1.74 1.64 4.42 -2.58 1.28 8.16 -1.54
59 338 Car -1 -1 -1.90 976.55 596.52 1284.61 798.25 1.76 1.88 4.24 4.14 1.29 11.98 -1.57
59 340 Car -1 -1 -1.77 905.28 594.11 1040.88 714.10 1.69 1.42 3.95 3.85 1.39 17.77 -1.55
59 339 Car -1 -1 -1.40 556.90 590.46 679.10 686.31 1.79 1.86 4.43 -2.39 1.50 23.06 -1.50
59 337 Car -1 -1 -1.63 741.19 588.20 843.95 683.27 1.76 1.90 4.03 1.14 1.42 22.51 -1.58
60 336 Car -1 -1 -1.22 93.21 608.00 559.29 959.91 1.74 1.64 4.42 -2.58 1.27 7.99 -1.53
60 338 Car -1 -1 -1.91 979.38 595.96 1294.13 801.03 1.76 1.88 4.24 4.14 1.28 11.81 -1.57
60 340 Car -1 -1 -1.77 906.76 593.72 1043.68 714.83 1.69 1.42 3.95 3.85 1.37 17.61 -1.55
60 339 Car -1 -1 -1.40 555.62 590.04 678.73 686.52 1.79 1.86 4.43 -2.39 1.49 22.90 -1.50
60 337 Car -1 -1 -1.63 741.30 588.14 844.34 683.60 1.76 1.90 4.03 1.14 1.42 22.43 -1.58
61 336 Car -1 -1 -1.21 74.26 608.42 557.93 971.62 1.74 1.64 4.42 -2.57 1.27 7.82 -1.53
61 336 Car -1 -1 -1.21 75.84 608.36 557.95 970.35 1.74 1.64 4.42 -2.57 1.27 7.84 -1.53
61 338 Car -1 -1 -1.91 982.27 595.38 1304.00 803.91 1.76 1.88 4.24 4.14 1.27 11.63 -1.57
61 340 Car -1 -1 -1.77 908.27 593.32 1046.54 715.58 1.69 1.42 3.95 3.85 1.36 17.46 -1.55
61 339 Car -1 -1 -1.40 554.31 589.61 678.35 686.75 1.79 1.86 4.43 -2.39 1.47 22.74 -1.50
61 337 Car -1 -1 -1.63 741.41 588.09 844.74 683.93 1.76 1.90 4.03 1.14 1.41 22.34 -1.58
62 336 Car -1 -1 -1.20 54.15 608.86 556.51 984.08 1.74 1.64 4.42 -2.56 1.27 7.65 -1.53
62 336 Car -1 -1 -1.20 57.53 608.74 556.57 981.37 1.74 1.64 4.42 -2.57 1.27 7.69 -1.53
62 338 Car -1 -1 -1.91 985.24 594.79 1314.22 806.90 1.76 1.88 4.24 4.14 1.26 11.46 -1.57
62 340 Car -1 -1 -1.77 909.80 592.91 1049.46 716.34 1.69 1.42 3.95 3.85 1.35 17.30 -1.55
62 339 Car -1 -1 -1.40 552.99 589.17 677.98 686.97 1.79 1.86 4.43 -2.39 1.46 22.58 -1.51
62 337 Car -1 -1 -1.63 741.52 588.04 845.13 684.26 1.76 1.90 4.03 1.14 1.41 22.26 -1.58
63 336 Car -1 -1 -1.19 32.78 609.32 555.05 997.36 1.74 1.64 4.42 -2.55 1.27 7.48 -1.52
63 336 Car -1 -1 -1.20 38.21 609.12 555.15 993.05 1.74 1.64 4.42 -2.56 1.27 7.53 -1.52
63 338 Car -1 -1 -1.92 988.28 594.18 1324.83 810.00 1.76 1.88 4.24 4.14 1.24 11.29 -1.57
63 340 Car -1 -1 -1.77 911.36 592.49 1052.43 717.12 1.69 1.42 3.95 3.85 1.34 17.14 -1.55
63 339 Car -1 -1 -1.40 551.64 588.73 677.59 687.20 1.79 1.86 4.43 -2.38 1.45 22.42 -1.51
63 337 Car -1 -1 -1.63 741.63 587.98 845.53 684.60 1.76 1.90 4.03 1.14 1.41 22.18 -1.58
64 336 Car -1 -1 -1.18 10.03 609.79 553.53 1011.56 1.74 1.64 4.42 -2.54 1.26 7.31 -1.52
64 336 Car -1 -1 -1.19 17.78 609.52 553.67 1005.43 1.74 1.64 4.42 -2.55 1.26 7.38 -1.52
64 338 Car -1 -1 -1.92 991.40 593.56 1335.85 813.22 1.76 1.88 4.24 4.13 1.23 11.12 -1.57
64 340 Car -1 -1 -1.77 912.95 592.07 1055.48 717.92 1.69 1.42 3.95 3.84 1.33 16.98 -1.55
64 339 Car -1 -1 -1.40 550.28 588.28 677.20 687.43 1.79 1.86 4.43 -2.38 1.43 22.26 -1.51
64 337 Car -1 -1 -1.63 741.75 587.93 845.93 684.94 1.76 1.90 4.03 1.14 1.40 22.09 -1.58
65 338 Car -1 -1 -1.93 994.61 592.93 1347.30 816.56 1.76 1.88 4.24 4.13 1.22 10.95 -1.57
65 340 Car -1 -1 -1.77 914.56 591.64 1058.58 718.73 1.69 1.42 3.95 3.84 1.32 16.82 -1.54
65 339 Car -1 -1 -1.40 548.89 587.83 676.81 687.66 1.79 1.86 4.43 -2.38 1.42 22.10 -1.51
65 337 Car -1 -1 -1.63 741.86 587.88 846.34 685.28 1.76 1.90 4.03 1.14 1.40 22.01 -1.57
66 338 Car -1 -1 -1.93 997.90 592.27 1359.20 820.03 1.76 1.88 4.24 4.13 1.21 10.77 -1.57
66 340 Car -1 -1 -1.77 916.20 591.21 1061.76 719.56 1.69 1.42 3.95 3.84 1.30 16.66 -1.54
66 339 Car -1 -1 -1.40 547.48 587.37 676.41 687.90 1.79 1.86 4.43 -2.38 1.40 21.95 -1.51
66 337 Car -1 -1 -1.63 741.97 587.82 846.75 685.62 1.76 1.90 4.03 1.14 1.40 21.93 -1.57
67 338 Car -1 -1 -1.94 1001.27 592.61 1371.57 825.17 1.76 1.88 4.24 4.13 1.21 10.60 -1.57
67 340 Car -1 -1 -1.77 918.39 591.76 1065.93 721.90 1.69 1.42 3.95 3.85 1.31 16.48 -1.54
67 339 Car -1 -1 -1.40 546.04 586.90 676.01 688.14 1.79 1.86 4.43 -2.38 1.39 21.79 -1.51
67 337 Car -1 -1 -1.62 742.09 587.77 847.16 685.97 1.76 1.90 4.03 1.14 1.39 21.84 -1.57
68 338 Car -1 -1 -1.95 1004.73 592.95 1384.46 830.51 1.76 1.88 4.24 4.12 1.21 10.43 -1.57
68 340 Car -1 -1 -1.77 920.62 592.32 1076.93 724.40 1.69 1.51 3.95 3.89 1.31 16.29 -1.54
68 339 Car -1 -1 -1.40 544.58 586.43 675.60 688.39 1.79 1.86 4.43 -2.38 1.38 21.63 -1.51
68 337 Car -1 -1 -1.62 742.20 587.71 847.58 686.32 1.76 1.90 4.03 1.14 1.39 21.76 -1.57
69 338 Car -1 -1 -1.95 1008.29 593.30 1397.90 836.09 1.76 1.88 4.24 4.12 1.20 10.26 -1.57
69 340 Car -1 -1 -1.78 922.38 592.52 1081.17 726.33 1.69 1.51 3.95 3.89 1.31 16.11 -1.54
69 339 Car -1 -1 -1.40 543.10 585.96 675.18 688.64 1.79 1.86 4.43 -2.38 1.36 21.47 -1.51
69 337 Car -1 -1 -1.62 742.32 587.65 848.00 686.67 1.76 1.90 4.03 1.14 1.39 21.68 -1.57
70 338 Car -1 -1 -1.96 1011.96 593.67 1411.92 841.90 1.76 1.88 4.24 4.12 1.20 10.08 -1.57
70 340 Car -1 -1 -1.78 924.17 592.73 1085.51 728.32 1.69 1.51 3.95 3.89 1.31 15.93 -1.54
70 339 Car -1 -1 -1.40 541.28 586.20 674.63 689.93 1.79 1.86 4.43 -2.38 1.36 21.29 -1.51
70 337 Car -1 -1 -1.62 742.50 587.60 848.10 687.02 1.76 1.90 4.03 1.14 1.39 21.60 -1.57
71 338 Car -1 -1 -1.96 1015.72 594.04 1426.55 847.97 1.76 1.88 4.24 4.12 1.20 9.91 -1.57
71 340 Car -1 -1 -1.78 925.99 592.94 1089.97 730.35 1.69 1.50 3.95 3.89 1.31 15.75 -1.54
71 339 Car -1 -1 -1.40 539.43 586.46 674.07 691.23 1.79 1.86 4.43 -2.38 1.37 21.11 -1.51
71 337 Car -1 -1 -1.62 742.68 587.54 848.21 687.36 1.76 1.90 4.03 1.14 1.38 21.52 -1.57
72 340 Car -1 -1 -1.79 927.86 593.15 1094.55 732.44 1.69 1.50 3.95 3.89 1.31 15.58 -1.54
72 339 Car -1 -1 -1.40 537.54 586.71 673.51 692.57 1.79 1.86 4.43 -2.39 1.37 20.93 -1.51
72 337 Car -1 -1 -1.62 742.86 587.48 848.31 687.70 1.76 1.90 4.03 1.13 1.38 21.44 -1.56
73 340 Car -1 -1 -1.79 929.76 593.37 1099.25 734.58 1.69 1.50 3.95 3.89 1.31 15.40 -1.54
73 339 Car -1 -1 -1.40 535.61 586.98 672.93 693.93 1.79 1.86 4.43 -2.39 1.37 20.75 -1.51
73 337 Car -1 -1 -1.61 742.77 587.42 848.42 688.05 1.76 1.90 4.03 1.13 1.38 21.36 -1.56
74 340 Car -1 -1 -1.79 931.71 593.60 1104.07 736.79 1.69 1.50 3.95 3.88 1.31 15.22 -1.54
74 339 Car -1 -1 -1.40 533.64 587.24 672.34 695.32 1.79 1.86 4.43 -2.39 1.37 20.57 -1.51
74 337 Car -1 -1 -1.61 742.43 587.36 848.53 688.41 1.76 1.90 4.03 1.13 1.37 21.28 -1.56
75 340 Car -1 -1 -1.80 933.69 593.83 1109.03 739.05 1.69 1.50 3.95 3.88 1.30 15.04 -1.54
75 339 Car -1 -1 -1.39 531.63 587.51 671.75 696.73 1.79 1.86 4.43 -2.39 1.37 20.38 -1.51
75 337 Car -1 -1 -1.61 742.08 587.30 848.63 688.76 1.76 1.90 4.03 1.13 1.37 21.20 -1.56
76 340 Car -1 -1 -1.80 935.72 594.06 1114.12 741.38 1.69 1.49 3.95 3.88 1.30 14.86 -1.54
76 339 Car -1 -1 -1.39 529.59 587.78 671.14 698.18 1.79 1.86 4.43 -2.39 1.37 20.20 -1.51
76 337 Car -1 -1 -1.61 741.74 587.24 848.74 689.12 1.76 1.90 4.03 1.13 1.37 21.12 -1.55
77 340 Car -1 -1 -1.80 937.79 594.30 1119.36 743.77 1.69 1.49 3.95 3.88 1.30 14.68 -1.54
77 339 Car -1 -1 -1.39 527.50 588.06 670.53 699.65 1.79 1.86 4.43 -2.39 1.38 20.02 -1.51
77 337 Car -1 -1 -1.60 741.39 587.17 848.85 689.48 1.76 1.90 4.03 1.13 1.36 21.04 -1.55
78 340 Car -1 -1 -1.81 939.90 594.54 1124.75 746.23 1.69 1.49 3.95 3.88 1.30 14.50 -1.54
78 339 Car -1 -1 -1.39 525.37 588.34 669.90 701.15 1.79 1.86 4.43 -2.39 1.38 19.84 -1.51
78 337 Car -1 -1 -1.60 741.04 587.11 848.96 689.84 1.76 1.90 4.03 1.12 1.36 20.96 -1.55
79 340 Car -1 -1 -1.81 942.06 594.79 1130.30 748.76 1.69 1.49 3.95 3.88 1.30 14.32 -1.54
79 339 Car -1 -1 -1.39 523.20 588.63 669.26 702.69 1.79 1.86 4.43 -2.39 1.38 19.66 -1.51
79 337 Car -1 -1 -1.60 740.69 587.05 849.07 690.21 1.76 1.90 4.03 1.12 1.36 20.88 -1.55
80 340 Car -1 -1 -1.81 944.27 595.05 1136.00 751.36 1.69 1.49 3.95 3.88 1.30 14.14 -1.55
80 339 Car -1 -1 -1.39 520.98 588.92 668.62 704.25 1.79 1.86 4.43 -2.39 1.38 19.48 -1.51
80 337 Car -1 -1 -1.60 740.13 586.99 848.96 690.56 1.76 1.90 4.03 1.12 1.36 20.81 -1.54
81 340 Car -1 -1 -1.82 946.53 595.31 1141.88 754.05 1.69 1.48 3.95 3.87 1.30 13.96 -1.55
81 339 Car -1 -1 -1.39 518.71 589.22 667.96 705.85 1.79 1.86 4.43 -2.40 1.38 19.30 -1.51
81 337 Car -1 -1 -1.59 739.58 586.92 848.85 690.92 1.76 1.90 4.03 1.12 1.35 20.73 -1.54
82 340 Car -1 -1 -1.82 948.84 595.57 1147.94 756.81 1.69 1.48 3.95 3.87 1.30 13.78 -1.55
82 339 Car -1 -1 -1.39 516.39 589.52 667.29 707.49 1.79 1.86 4.43 -2.40 1.39 19.12 -1.51
82 337 Car -1 -1 -1.59 739.02 586.86 848.74 691.28 1.76 1.90 4.03 1.12 1.35 20.66 -1.53
83 340 Car -1 -1 -1.82 951.21 595.85 1154.18 759.66 1.69 1.48 3.95 3.87 1.29 13.60 -1.55
83 339 Car -1 -1 -1.39 514.03 589.83 666.61 709.16 1.79 1.86 4.43 -2.40 1.39 18.94 -1.51
83 337 Car -1 -1 -1.58 738.45 586.79 848.62 691.64 1.76 1.90 4.03 1.12 1.35 20.58 -1.53
84 340 Car -1 -1 -1.83 953.63 596.13 1160.62 762.60 1.69 1.48 3.95 3.87 1.29 13.42 -1.55
84 339 Car -1 -1 -1.39 511.61 590.14 665.92 710.86 1.79 1.86 4.43 -2.40 1.39 18.76 -1.52
84 337 Car -1 -1 -1.58 737.89 586.73 848.51 692.00 1.76 1.90 4.03 1.11 1.34 20.51 -1.52
85 340 Car -1 -1 -1.83 956.10 596.41 1167.26 765.64 1.69 1.48 3.95 3.87 1.29 13.25 -1.55
85 339 Car -1 -1 -1.39 509.14 590.46 665.22 712.61 1.79 1.86 4.43 -2.40 1.39 18.58 -1.52
85 337 Car -1 -1 -1.57 737.32 586.66 848.39 692.37 1.76 1.90 4.03 1.11 1.34 20.43 -1.52
86 340 Car -1 -1 -1.84 958.64 596.70 1174.11 768.77 1.69 1.47 3.95 3.87 1.29 13.07 -1.55
86 339 Car -1 -1 -1.39 506.61 590.78 664.50 714.39 1.79 1.86 4.43 -2.40 1.39 18.39 -1.52
86 337 Car -1 -1 -1.57 736.74 586.60 848.27 692.74 1.76 1.90 4.03 1.11 1.34 20.36 -1.52
87 340 Car -1 -1 -1.84 960.64 596.65 1179.46 771.43 1.69 1.46 3.95 3.85 1.28 12.89 -1.55
87 339 Car -1 -1 -1.39 503.95 590.80 663.64 715.75 1.79 1.86 4.43 -2.41 1.39 18.22 -1.52
87 337 Car -1 -1 -1.57 736.17 586.53 848.15 693.11 1.76 1.90 4.03 1.11 1.33 20.28 -1.51
88 340 Car -1 -1 -1.85 962.70 596.60 1187.22 774.20 1.69 1.46 3.95 3.85 1.28 12.71 -1.55
88 339 Car -1 -1 -1.38 501.22 590.81 662.77 717.13 1.79 1.86 4.43 -2.41 1.38 18.05 -1.52
88 337 Car -1 -1 -1.56 735.59 586.46 848.02 693.49 1.76 1.90 4.03 1.11 1.33 20.21 -1.51
89 340 Car -1 -1 -1.86 964.81 596.54 1195.24 777.07 1.69 1.46 3.95 3.85 1.27 12.54 -1.56
89 339 Car -1 -1 -1.38 498.44 590.83 661.89 718.55 1.79 1.86 4.43 -2.41 1.38 17.88 -1.52
89 337 Car -1 -1 -1.56 735.00 586.40 847.89 693.87 1.76 1.90 4.03 1.10 1.33 20.13 -1.50
90 340 Car -1 -1 -1.86 966.97 596.49 1203.52 780.03 1.69 1.47 3.95 3.85 1.27 12.36 -1.56
90 339 Car -1 -1 -1.38 495.59 590.85 660.98 720.00 1.79 1.86 4.43 -2.42 1.38 17.70 -1.52
90 337 Car -1 -1 -1.56 735.12 586.32 848.43 694.16 1.76 1.90 4.03 1.10 1.32 20.06 -1.51
91 340 Car -1 -1 -1.87 969.18 596.43 1212.09 783.09 1.69 1.47 3.95 3.85 1.26 12.19 -1.56
91 339 Car -1 -1 -1.38 492.68 590.86 660.07 721.48 1.79 1.86 4.43 -2.42 1.37 17.53 -1.52
91 337 Car -1 -1 -1.56 735.24 586.24 848.98 694.46 1.76 1.90 4.03 1.10 1.32 20.00 -1.51
92 340 Car -1 -1 -1.88 971.45 596.37 1220.94 786.26 1.69 1.47 3.95 3.84 1.25 12.01 -1.57
92 339 Car -1 -1 -1.38 489.71 590.88 659.13 723.00 1.79 1.86 4.43 -2.43 1.37 17.36 -1.52
92 337 Car -1 -1 -1.56 735.35 586.16 849.52 694.76 1.76 1.90 4.03 1.10 1.32 19.93 -1.51
93 340 Car -1 -1 -1.88 973.78 596.31 1230.11 789.54 1.69 1.48 3.95 3.84 1.25 11.83 -1.57
93 339 Car -1 -1 -1.38 486.66 590.90 658.18 724.55 1.79 1.86 4.43 -2.43 1.36 17.18 -1.52
93 337 Car -1 -1 -1.57 735.47 586.08 850.08 695.07 1.76 1.90 4.03 1.10 1.32 19.86 -1.51
94 340 Car -1 -1 -1.89 976.18 596.25 1239.61 792.94 1.69 1.48 3.95 3.84 1.24 11.66 -1.57
94 339 Car -1 -1 -1.38 483.55 590.91 657.21 726.13 1.79 1.86 4.43 -2.43 1.36 17.01 -1.52
94 337 Car -1 -1 -1.57 735.59 586.00 850.63 695.37 1.76 1.90 4.03 1.10 1.31 19.80 -1.51
95 340 Car -1 -1 -1.90 978.64 596.18 1249.45 796.46 1.69 1.48 3.95 3.84 1.24 11.48 -1.57
95 339 Car -1 -1 -1.38 480.36 590.93 656.23 727.76 1.79 1.86 4.43 -2.44 1.36 16.84 -1.52
95 337 Car -1 -1 -1.57 735.71 585.92 851.19 695.68 1.76 1.90 4.03 1.09 1.31 19.73 -1.51
96 340 Car -1 -1 -1.90 981.16 596.12 1259.66 800.11 1.69 1.49 3.95 3.83 1.23 11.30 -1.58
96 339 Car -1 -1 -1.38 477.09 590.95 655.23 729.42 1.79 1.86 4.43 -2.44 1.35 16.67 -1.52
96 337 Car -1 -1 -1.57 735.83 585.84 851.75 695.99 1.76 1.90 4.03 1.09 1.31 19.66 -1.52
97 340 Car -1 -1 -1.91 982.72 596.85 1267.62 804.51 1.69 1.49 3.95 3.82 1.23 11.15 -1.58
97 339 Car -1 -1 -1.37 473.74 590.97 654.20 731.12 1.79 1.86 4.43 -2.45 1.35 16.49 -1.52
97 337 Car -1 -1 -1.57 735.45 586.20 852.07 697.10 1.76 1.90 4.03 1.08 1.31 19.56 -1.52
98 340 Car -1 -1 -1.92 984.31 597.61 1275.85 809.05 1.69 1.49 3.95 3.81 1.24 11.00 -1.58
98 339 Car -1 -1 -1.37 470.32 590.99 653.16 732.87 1.79 1.86 4.43 -2.45 1.34 16.32 -1.52
98 337 Car -1 -1 -1.58 735.05 586.56 852.39 698.22 1.76 1.90 4.03 1.07 1.32 19.45 -1.52
99 340 Car -1 -1 -1.92 985.95 598.38 1284.35 813.75 1.69 1.49 3.95 3.80 1.24 10.85 -1.59
99 339 Car -1 -1 -1.37 466.80 591.01 652.10 734.66 1.79 1.86 4.43 -2.45 1.34 16.15 -1.52
99 337 Car -1 -1 -1.58 734.65 586.92 852.72 699.35 1.76 1.90 4.03 1.06 1.32 19.34 -1.52
100 340 Car -1 -1 -1.93 987.62 599.17 1293.14 818.61 1.69 1.49 3.95 3.79 1.25 10.69 -1.59
100 339 Car -1 -1 -1.37 463.20 591.02 651.02 736.49 1.79 1.86 4.43 -2.46 1.34 15.97 -1.52
100 337 Car -1 -1 -1.58 734.25 587.29 853.05 700.50 1.76 1.90 4.03 1.05 1.33 19.23 -1.52
101 340 Car -1 -1 -1.94 989.34 599.98 1302.24 823.64 1.69 1.49 3.95 3.78 1.25 10.54 -1.59
101 339 Car -1 -1 -1.37 459.51 591.04 649.92 738.37 1.79 1.86 4.43 -2.46 1.33 15.80 -1.52
101 337 Car -1 -1 -1.58 733.84 587.66 853.38 701.66 1.76 1.90 4.03 1.04 1.33 19.13 -1.53
102 340 Car -1 -1 -1.94 991.10 600.81 1311.66 828.85 1.69 1.49 3.95 3.77 1.26 10.39 -1.59
102 339 Car -1 -1 -1.37 455.73 591.06 648.80 740.30 1.79 1.86 4.43 -2.47 1.33 15.63 -1.52
102 337 Car -1 -1 -1.58 733.43 588.03 853.72 702.83 1.76 1.90 4.03 1.03 1.34 19.02 -1.53
103 340 Car -1 -1 -1.95 992.91 601.66 1321.42 834.24 1.69 1.49 3.95 3.76 1.26 10.24 -1.60
103 339 Car -1 -1 -1.37 451.84 591.08 647.65 742.28 1.79 1.86 4.43 -2.47 1.32 15.46 -1.52
103 337 Car -1 -1 -1.58 733.01 588.41 854.06 704.03 1.76 1.90 4.03 1.02 1.34 18.91 -1.53
104 340 Car -1 -1 -1.96 994.77 602.53 1331.54 839.84 1.69 1.49 3.95 3.75 1.27 10.09 -1.60
104 339 Car -1 -1 -1.36 447.85 591.11 646.49 744.31 1.79 1.86 4.43 -2.48 1.32 15.28 -1.52
104 337 Car -1 -1 -1.58 732.59 588.79 854.40 705.23 1.76 1.90 4.03 1.01 1.35 18.81 -1.53
105 340 Car -1 -1 -1.96 996.67 603.43 1342.03 845.64 1.69 1.49 3.95 3.74 1.27 9.93 -1.60
105 339 Car -1 -1 -1.36 443.76 591.13 645.30 746.40 1.79 1.86 4.43 -2.48 1.32 15.11 -1.52
105 337 Car -1 -1 -1.59 732.16 589.18 854.75 706.45 1.76 1.90 4.03 1.00 1.35 18.70 -1.53
106 340 Car -1 -1 -1.97 998.63 604.35 1352.93 851.67 1.69 1.49 3.95 3.72 1.27 9.78 -1.61
106 339 Car -1 -1 -1.36 439.41 591.63 643.66 749.08 1.79 1.86 4.43 -2.49 1.32 14.95 -1.53
106 337 Car -1 -1 -1.59 731.73 589.57 855.10 707.69 1.76 1.90 4.03 0.99 1.36 18.59 -1.53
107 340 Car -1 -1 -1.98 1006.37 604.78 1382.04 863.91 1.69 1.50 3.96 3.72 1.27 9.44 -1.60
107 339 Car -1 -1 -1.36 434.96 592.15 641.99 751.83 1.79 1.86 4.43 -2.50 1.32 14.78 -1.53
107 337 Car -1 -1 -1.59 731.29 589.96 855.46 708.94 1.76 1.90 4.03 0.98 1.36 18.49 -1.54
108 340 Car -1 -1 -1.99 1014.60 605.23 1414.00 877.36 1.69 1.52 3.96 3.72 1.26 9.09 -1.60
108 339 Car -1 -1 -1.36 430.38 592.67 640.28 754.65 1.79 1.86 4.43 -2.51 1.33 14.62 -1.53
108 337 Car -1 -1 -1.59 730.85 590.36 855.82 710.21 1.76 1.90 4.03 0.97 1.37 18.38 -1.54
109 339 Car -1 -1 -1.36 425.69 593.21 638.55 757.55 1.79 1.86 4.43 -2.52 1.33 14.45 -1.53
109 337 Car -1 -1 -1.59 730.40 590.77 856.19 711.49 1.76 1.90 4.03 0.96 1.37 18.27 -1.54
110 339 Car -1 -1 -1.36 420.86 593.76 636.78 760.53 1.79 1.86 4.43 -2.53 1.34 14.29 -1.53
110 337 Car -1 -1 -1.59 729.94 591.17 856.56 712.79 1.76 1.90 4.03 0.95 1.38 18.17 -1.54
111 339 Car -1 -1 -1.36 415.90 594.32 634.97 763.58 1.79 1.86 4.43 -2.54 1.34 14.13 -1.53
111 337 Car -1 -1 -1.60 729.48 591.58 856.94 714.11 1.76 1.90 4.03 0.94 1.38 18.06 -1.54
112 339 Car -1 -1 -1.35 410.81 594.89 633.13 766.73 1.79 1.86 4.43 -2.55 1.34 13.96 -1.53
112 337 Car -1 -1 -1.60 729.01 592.00 857.32 715.44 1.76 1.90 4.03 0.93 1.39 17.95 -1.55
113 339 Car -1 -1 -1.35 405.56 595.47 631.25 769.96 1.79 1.86 4.43 -2.56 1.35 13.80 -1.54
113 337 Car -1 -1 -1.60 728.54 592.42 857.70 716.80 1.76 1.90 4.03 0.92 1.39 17.85 -1.55
114 339 Car -1 -1 -1.35 400.17 596.06 629.33 773.28 1.79 1.86 4.43 -2.57 1.35 13.64 -1.54
114 337 Car -1 -1 -1.60 728.05 592.85 858.09 718.17 1.76 1.90 4.03 0.91 1.40 17.74 -1.55
115 339 Car -1 -1 -1.35 394.62 596.67 627.37 776.70 1.79 1.86 4.43 -2.58 1.36 13.47 -1.54
115 337 Car -1 -1 -1.60 727.57 593.28 858.49 719.56 1.76 1.90 4.03 0.90 1.40 17.63 -1.55
116 339 Car -1 -1 -1.35 388.76 597.02 625.34 779.92 1.79 1.86 4.43 -2.59 1.36 13.30 -1.54
116 337 Car -1 -1 -1.60 726.84 593.38 858.63 720.53 1.76 1.90 4.03 0.89 1.40 17.53 -1.55
117 339 Car -1 -1 -1.35 382.73 597.37 623.26 783.23 1.79 1.86 4.43 -2.60 1.36 13.14 -1.54
117 337 Car -1 -1 -1.60 726.10 593.49 858.77 721.51 1.76 1.90 4.03 0.88 1.40 17.43 -1.55
118 339 Car -1 -1 -1.34 376.50 597.74 621.14 786.65 1.79 1.86 4.43 -2.61 1.36 12.97 -1.54
118 337 Car -1 -1 -1.60 725.36 593.59 858.91 722.50 1.76 1.90 4.03 0.87 1.40 17.32 -1.55
119 339 Car -1 -1 -1.34 370.07 598.11 618.97 790.18 1.79 1.86 4.43 -2.62 1.36 12.80 -1.54
119 337 Car -1 -1 -1.60 724.60 593.70 859.06 723.51 1.76 1.90 4.03 0.86 1.40 17.22 -1.55
120 339 Car -1 -1 -1.34 363.44 598.50 616.75 793.82 1.79 1.86 4.43 -2.63 1.36 12.63 -1.54
120 337 Car -1 -1 -1.60 723.84 593.81 859.20 724.53 1.76 1.90 4.03 0.85 1.40 17.12 -1.55
121 339 Car -1 -1 -1.34 356.58 598.89 614.47 797.57 1.79 1.86 4.43 -2.64 1.36 12.46 -1.55
121 337 Car -1 -1 -1.60 723.06 593.92 859.35 725.57 1.76 1.90 4.03 0.84 1.40 17.02 -1.55
122 339 Car -1 -1 -1.34 349.50 599.29 612.15 801.46 1.79 1.86 4.43 -2.65 1.36 12.29 -1.55
122 337 Car -1 -1 -1.60 722.27 594.03 859.50 726.62 1.76 1.90 4.03 0.83 1.40 16.91 -1.55
123 339 Car -1 -1 -1.33 342.18 599.70 609.77 805.47 1.79 1.86 4.43 -2.66 1.36 12.13 -1.55
123 337 Car -1 -1 -1.60 721.47 594.14 859.66 727.69 1.76 1.90 4.03 0.82 1.40 16.81 -1.55
124 339 Car -1 -1 -1.33 334.60 600.12 607.34 809.62 1.79 1.86 4.43 -2.67 1.36 11.96 -1.55
124 337 Car -1 -1 -1.60 720.66 594.26 859.81 728.77 1.76 1.90 4.03 0.81 1.40 16.71 -1.55
125 339 Car -1 -1 -1.33 326.75 600.55 604.85 813.92 1.79 1.86 4.43 -2.68 1.36 11.79 -1.55
125 337 Car -1 -1 -1.60 719.84 594.37 859.97 729.86 1.76 1.90 4.03 0.80 1.39 16.60 -1.55
126 339 Car -1 -1 -1.33 320.05 600.02 602.72 816.32 1.79 1.86 4.43 -2.69 1.34 11.65 -1.55
126 337 Car -1 -1 -1.60 718.75 593.70 860.01 730.09 1.76 1.90 4.03 0.79 1.38 16.49 -1.55
127 339 Car -1 -1 -1.32 313.15 599.48 600.55 818.80 1.79 1.86 4.43 -2.69 1.33 11.51 -1.55
127 337 Car -1 -1 -1.59 717.65 593.01 860.04 730.32 1.76 1.90 4.03 0.78 1.36 16.38 -1.55
128 339 Car -1 -1 -1.32 306.03 598.93 598.34 821.35 1.79 1.86 4.43 -2.70 1.32 11.36 -1.56
128 337 Car -1 -1 -1.59 716.53 592.32 860.07 730.56 1.76 1.90 4.03 0.77 1.35 16.26 -1.54
129 339 Car -1 -1 -1.32 298.68 598.36 596.08 823.98 1.79 1.86 4.43 -2.71 1.31 11.22 -1.56
129 337 Car -1 -1 -1.59 715.39 591.62 860.11 730.80 1.76 1.90 4.03 0.77 1.33 16.15 -1.54
130 339 Car -1 -1 -1.32 291.10 597.79 593.78 826.70 1.79 1.86 4.43 -2.72 1.30 11.08 -1.56
130 337 Car -1 -1 -1.59 714.24 590.91 860.14 731.04 1.76 1.90 4.03 0.76 1.32 16.03 -1.54
131 339 Car -1 -1 -1.32 283.27 597.20 591.42 829.50 1.79 1.86 4.43 -2.72 1.29 10.94 -1.56
131 337 Car -1 -1 -1.58 713.07 590.19 860.17 731.29 1.76 1.90 4.03 0.75 1.30 15.92 -1.54
132 339 Car -1 -1 -1.31 275.18 596.60 589.01 832.39 1.79 1.86 4.43 -2.73 1.27 10.80 -1.56
132 337 Car -1 -1 -1.58 711.87 589.46 860.21 731.54 1.76 1.90 4.03 0.74 1.29 15.80 -1.53
133 339 Car -1 -1 -1.31 266.82 595.99 586.55 835.38 1.79 1.86 4.43 -2.74 1.26 10.66 -1.56
133 337 Car -1 -1 -1.58 710.66 588.72 860.24 731.80 1.76 1.90 4.03 0.73 1.27 15.69 -1.53
134 339 Car -1 -1 -1.31 258.17 595.36 584.04 838.48 1.79 1.86 4.43 -2.75 1.25 10.52 -1.56
134 337 Car -1 -1 -1.58 709.43 587.97 860.27 732.05 1.76 1.90 4.03 0.73 1.26 15.57 -1.53
135 339 Car -1 -1 -1.31 249.22 594.72 581.47 841.67 1.79 1.86 4.43 -2.75 1.24 10.37 -1.56
135 337 Car -1 -1 -1.57 708.18 587.22 860.31 732.32 1.76 1.90 4.03 0.72 1.24 15.46 -1.53
136 339 Car -1 -1 -1.30 238.31 594.96 578.51 847.22 1.79 1.86 4.43 -2.76 1.24 10.21 -1.57
136 337 Car -1 -1 -1.57 708.07 587.66 861.80 734.42 1.76 1.90 4.03 0.72 1.25 15.32 -1.53
137 339 Car -1 -1 -1.30 226.93 595.21 575.48 853.01 1.79 1.86 4.43 -2.77 1.24 10.04 -1.57
137 337 Car -1 -1 -1.58 707.95 588.10 863.32 736.57 1.76 1.90 4.03 0.72 1.25 15.18 -1.53
138 339 Car -1 -1 -1.29 215.05 595.46 572.36 859.05 1.79 1.86 4.43 -2.78 1.23 9.87 -1.57
138 337 Car -1 -1 -1.58 707.83 588.56 864.88 738.77 1.76 1.90 4.03 0.72 1.26 15.04 -1.53
139 339 Car -1 -1 -1.29 202.63 595.73 569.15 865.35 1.79 1.86 4.43 -2.78 1.23 9.70 -1.57
139 337 Car -1 -1 -1.58 707.71 589.02 866.47 741.01 1.76 1.90 4.03 0.72 1.26 14.90 -1.53
140 339 Car -1 -1 -1.29 189.63 596.00 565.86 871.95 1.79 1.86 4.43 -2.79 1.23 9.53 -1.57
140 337 Car -1 -1 -1.58 707.59 589.49 868.09 743.30 1.76 1.90 4.03 0.72 1.27 14.76 -1.53
141 339 Car -1 -1 -1.28 176.02 596.27 562.47 878.85 1.79 1.86 4.43 -2.80 1.23 9.36 -1.57
141 337 Car -1 -1 -1.58 707.46 589.97 869.75 745.64 1.76 1.90 4.03 0.72 1.27 14.62 -1.53
142 339 Car -1 -1 -1.28 161.74 596.56 558.97 886.09 1.79 1.86 4.43 -2.81 1.23 9.20 -1.57
142 337 Car -1 -1 -1.58 707.33 590.46 871.45 748.03 1.76 1.90 4.03 0.72 1.27 14.48 -1.53
143 339 Car -1 -1 -1.27 146.75 596.86 555.38 893.68 1.79 1.86 4.43 -2.81 1.22 9.03 -1.58
143 337 Car -1 -1 -1.58 707.20 590.95 873.19 750.48 1.76 1.90 4.03 0.72 1.28 14.34 -1.53
144 339 Car -1 -1 -1.27 131.00 597.16 551.67 901.65 1.79 1.86 4.43 -2.82 1.22 8.86 -1.58
144 337 Car -1 -1 -1.59 707.07 591.45 874.96 752.99 1.76 1.90 4.03 0.72 1.28 14.20 -1.54
145 339 Car -1 -1 -1.26 114.43 597.47 547.86 910.03 1.79 1.86 4.43 -2.83 1.22 8.69 -1.58
145 337 Car -1 -1 -1.59 706.93 591.96 876.78 755.55 1.76 1.90 4.03 0.72 1.29 14.06 -1.54
146 339 Car -1 -1 -1.26 103.46 597.12 547.00 915.38 1.79 1.86 4.43 -2.82 1.21 8.57 -1.58
146 337 Car -1 -1 -1.59 705.92 591.90 877.13 756.76 1.76 1.90 4.03 0.71 1.28 13.96 -1.54
147 339 Car -1 -1 -1.25 92.08 596.75 546.12 920.95 1.79 1.86 4.43 -2.81 1.20 8.45 -1.57
147 337 Car -1 -1 -1.59 704.90 591.83 877.48 757.99 1.76 1.90 4.03 0.70 1.28 13.87 -1.54
148 339 Car -1 -1 -1.25 80.27 596.38 545.21 926.73 1.79 1.86 4.43 -2.81 1.20 8.33 -1.57
148 337 Car -1 -1 -1.59 703.87 591.76 877.84 759.24 1.76 1.90 4.03 0.69 1.28 13.77 -1.54
149 339 Car -1 -1 -1.24 68.00 596.00 544.29 932.75 1.79 1.86 4.43 -2.80 1.19 8.21 -1.57
149 337 Car -1 -1 -1.59 702.81 591.70 878.20 760.51 1.76 1.90 4.03 0.68 1.27 13.68 -1.54
150 339 Car -1 -1 -1.24 55.24 595.61 543.35 939.01 1.79 1.86 4.43 -2.79 1.18 8.10 -1.57
150 337 Car -1 -1 -1.59 701.74 591.63 878.58 761.81 1.76 1.90 4.03 0.66 1.27 13.58 -1.54
151 339 Car -1 -1 -1.23 41.97 595.21 542.38 945.54 1.79 1.86 4.43 -2.78 1.18 7.98 -1.57
151 337 Car -1 -1 -1.59 700.65 591.56 878.95 763.12 1.76 1.90 4.03 0.65 1.26 13.48 -1.54
152 339 Car -1 -1 -1.22 28.14 594.81 541.39 952.35 1.79 1.86 4.43 -2.78 1.17 7.86 -1.56
152 337 Car -1 -1 -1.59 699.54 591.49 879.34 764.45 1.76 1.90 4.03 0.64 1.26 13.39 -1.54
153 339 Car -1 -1 -1.22 13.73 594.39 540.37 959.46 1.79 1.86 4.43 -2.77 1.16 7.74 -1.56
153 337 Car -1 -1 -1.59 698.42 591.41 879.72 765.81 1.76 1.90 4.03 0.63 1.26 13.29 -1.54
154 337 Car -1 -1 -1.59 697.27 591.34 880.12 767.19 1.76 1.90 4.03 0.62 1.25 13.20 -1.55
155 337 Car -1 -1 -1.59 696.11 591.27 880.52 768.59 1.76 1.90 4.03 0.61 1.25 13.10 -1.55
156 337 Car -1 -1 -1.59 695.92 591.06 881.94 769.85 1.76 1.90 4.03 0.61 1.25 13.01 -1.55
157 337 Car -1 -1 -1.59 695.73 590.85 883.38 771.13 1.76 1.90 4.03 0.61 1.24 12.91 -1.55
158 337 Car -1 -1 -1.59 695.54 590.64 884.85 772.44 1.76 1.90 4.03 0.61 1.24 12.82 -1.55
159 337 Car -1 -1 -1.59 695.34 590.42 886.35 773.77 1.76 1.90 4.03 0.62 1.23 12.72 -1.55
160 337 Car -1 -1 -1.60 695.14 590.20 887.87 775.12 1.76 1.90 4.03 0.62 1.22 12.63 -1.55
161 337 Car -1 -1 -1.60 694.94 589.98 889.42 776.49 1.76 1.90 4.03 0.62 1.22 12.53 -1.55
162 337 Car -1 -1 -1.60 694.73 589.75 890.99 777.89 1.76 1.90 4.03 0.62 1.21 12.43 -1.55
163 337 Car -1 -1 -1.60 694.52 589.53 892.60 779.32 1.76 1.90 4.03 0.62 1.21 12.34 -1.55
164 337 Car -1 -1 -1.60 694.30 589.30 894.23 780.77 1.76 1.90 4.03 0.62 1.20 12.24 -1.55
165 337 Car -1 -1 -1.60 694.08 589.06 895.90 782.26 1.76 1.90 4.03 0.62 1.20 12.15 -1.55
166 337 Car -1 -1 -1.60 694.11 589.24 897.04 783.57 1.76 1.90 4.03 0.63 1.20 12.09 -1.55
167 337 Car -1 -1 -1.60 694.14 589.42 898.19 784.90 1.76 1.90 4.03 0.63 1.20 12.04 -1.55
168 337 Car -1 -1 -1.60 694.17 589.60 899.35 786.24 1.76 1.90 4.03 0.63 1.20 11.98 -1.55
169 337 Car -1 -1 -1.60 694.20 589.79 900.53 787.60 1.76 1.90 4.03 0.63 1.20 11.93 -1.55
170 337 Car -1 -1 -1.60 694.23 589.97 901.72 788.98 1.76 1.90 4.03 0.63 1.20 11.87 -1.55
171 337 Car -1 -1 -1.60 694.26 590.16 902.92 790.37 1.76 1.90 4.03 0.64 1.20 11.82 -1.55
172 337 Car -1 -1 -1.60 694.29 590.35 904.13 791.77 1.76 1.90 4.03 0.64 1.21 11.76 -1.55
173 337 Car -1 -1 -1.60 694.32 590.54 905.36 793.19 1.76 1.90 4.03 0.64 1.21 11.70 -1.55
174 337 Car -1 -1 -1.60 694.35 590.73 906.61 794.63 1.76 1.90 4.03 0.64 1.21 11.65 -1.55
175 337 Car -1 -1 -1.60 694.39 590.92 907.87 796.08 1.76 1.90 4.03 0.65 1.21 11.59 -1.55
176 337 Car -1 -1 -1.60 693.00 590.77 907.35 796.73 1.76 1.90 4.03 0.64 1.21 11.56 -1.55
177 337 Car -1 -1 -1.60 691.60 590.63 906.83 797.38 1.76 1.90 4.03 0.63 1.20 11.52 -1.55
178 337 Car -1 -1 -1.60 690.19 590.48 906.31 798.03 1.76 1.90 4.03 0.62 1.20 11.48 -1.55
179 337 Car -1 -1 -1.60 688.77 590.33 905.78 798.69 1.76 1.90 4.03 0.61 1.20 11.44 -1.54
180 337 Car -1 -1 -1.60 687.34 590.18 905.25 799.35 1.76 1.90 4.03 0.60 1.19 11.40 -1.54
181 337 Car -1 -1 -1.60 685.90 590.03 904.72 800.03 1.76 1.90 4.03 0.59 1.19 11.36 -1.54
182 337 Car -1 -1 -1.59 684.44 589.88 904.18 800.70 1.76 1.90 4.03 0.58 1.19 11.32 -1.54
183 337 Car -1 -1 -1.59 682.98 589.73 903.63 801.38 1.76 1.90 4.03 0.57 1.19 11.28 -1.54
184 337 Car -1 -1 -1.59 681.50 589.57 903.08 802.07 1.76 1.90 4.03 0.56 1.18 11.24 -1.54
185 337 Car -1 -1 -1.59 680.01 589.42 902.52 802.77 1.76 1.90 4.03 0.55 1.18 11.21 -1.54
186 337 Car -1 -1 -1.59 679.05 589.21 901.24 802.17 1.76 1.90 4.03 0.54 1.18 11.22 -1.54
187 337 Car -1 -1 -1.59 678.10 589.00 899.96 801.57 1.76 1.90 4.03 0.54 1.18 11.23 -1.54
188 337 Car -1 -1 -1.58 677.16 588.80 898.69 800.97 1.76 1.90 4.03 0.53 1.17 11.25 -1.54
189 337 Car -1 -1 -1.58 676.21 588.59 897.42 800.38 1.76 1.90 4.03 0.52 1.17 11.26 -1.54
190 337 Car -1 -1 -1.58 675.27 588.39 896.15 799.78 1.76 1.90 4.03 0.51 1.17 11.27 -1.54
191 337 Car -1 -1 -1.58 674.33 588.18 894.88 799.19 1.76 1.90 4.03 0.51 1.17 11.29 -1.54
192 337 Car -1 -1 -1.58 673.40 587.98 893.62 798.60 1.76 1.90 4.03 0.50 1.16 11.30 -1.53
193 337 Car -1 -1 -1.58 672.46 587.77 892.36 798.01 1.76 1.90 4.03 0.49 1.16 11.31 -1.53
194 337 Car -1 -1 -1.58 671.53 587.57 891.11 797.43 1.76 1.90 4.03 0.48 1.16 11.33 -1.53
195 337 Car -1 -1 -1.57 670.61 587.37 889.85 796.84 1.76 1.90 4.03 0.48 1.16 11.34 -1.53
196 337 Car -1 -1 -1.57 670.47 587.16 889.12 795.96 1.76 1.90 4.03 0.47 1.16 11.37 -1.53
197 337 Car -1 -1 -1.57 670.34 586.95 888.39 795.09 1.76 1.90 4.03 0.47 1.15 11.39 -1.53
198 337 Car -1 -1 -1.57 670.21 586.74 887.67 794.22 1.76 1.90 4.03 0.47 1.15 11.42 -1.53
199 337 Car -1 -1 -1.57 670.08 586.53 886.95 793.36 1.76 1.90 4.03 0.47 1.15 11.44 -1.53
200 337 Car -1 -1 -1.57 669.95 586.33 886.23 792.50 1.76 1.90 4.03 0.46 1.15 11.47 -1.53
201 337 Car -1 -1 -1.57 669.82 586.12 885.52 791.65 1.76 1.90 4.03 0.46 1.14 11.49 -1.53
202 337 Car -1 -1 -1.57 669.69 585.91 884.81 790.80 1.76 1.90 4.03 0.46 1.14 11.52 -1.53
203 337 Car -1 -1 -1.57 669.56 585.71 884.11 789.95 1.76 1.90 4.03 0.45 1.14 11.54 -1.53
204 337 Car -1 -1 -1.57 669.44 585.51 883.41 789.11 1.76 1.90 4.03 0.45 1.14 11.57 -1.53
205 337 Car -1 -1 -1.57 669.31 585.30 882.71 788.28 1.76 1.90 4.03 0.45 1.14 11.60 -1.53
206 337 Car -1 -1 -1.57 669.93 585.06 881.61 786.28 1.76 1.90 4.03 0.45 1.13 11.67 -1.53
207 337 Car -1 -1 -1.57 670.54 584.83 880.53 784.31 1.76 1.90 4.03 0.45 1.13 11.75 -1.54
208 337 Car -1 -1 -1.57 671.14 584.60 879.47 782.38 1.76 1.90 4.03 0.45 1.13 11.83 -1.54
209 337 Car -1 -1 -1.57 671.74 584.37 878.42 780.48 1.76 1.90 4.03 0.44 1.13 11.91 -1.54
210 337 Car -1 -1 -1.58 672.32 584.14 877.39 778.60 1.76 1.90 4.03 0.44 1.13 11.98 -1.54
211 337 Car -1 -1 -1.58 672.90 583.92 876.38 776.76 1.76 1.90 4.03 0.44 1.13 12.06 -1.54
212 337 Car -1 -1 -1.58 673.47 583.69 875.38 774.95 1.76 1.90 4.03 0.44 1.13 12.14 -1.54
213 337 Car -1 -1 -1.58 674.02 583.47 874.40 773.16 1.76 1.90 4.03 0.44 1.12 12.22 -1.54
214 337 Car -1 -1 -1.58 674.57 583.26 873.43 771.40 1.76 1.90 4.03 0.44 1.12 12.30 -1.54
215 337 Car -1 -1 -1.58 675.12 583.04 872.48 769.67 1.76 1.90 4.03 0.44 1.12 12.37 -1.54
216 337 Car -1 -1 -1.58 674.94 582.36 870.60 767.05 1.76 1.90 4.03 0.42 1.11 12.46 -1.55
217 337 Car -1 -1 -1.59 674.78 581.70 868.75 764.47 1.76 1.90 4.03 0.41 1.11 12.55 -1.55
218 337 Car -1 -1 -1.59 674.62 581.04 866.93 761.94 1.76 1.90 4.03 0.39 1.10 12.64 -1.56
219 337 Car -1 -1 -1.59 674.46 580.38 865.14 759.45 1.76 1.90 4.03 0.37 1.09 12.73 -1.56
220 337 Car -1 -1 -1.60 674.31 579.74 863.38 757.01 1.76 1.90 4.03 0.35 1.08 12.82 -1.57
221 337 Car -1 -1 -1.60 674.17 579.10 861.64 754.60 1.76 1.90 4.03 0.34 1.08 12.91 -1.57
222 337 Car -1 -1 -1.60 674.03 578.47 859.94 752.24 1.76 1.90 4.03 0.32 1.07 13.00 -1.58
223 337 Car -1 -1 -1.61 673.89 577.85 858.25 749.92 1.76 1.90 4.03 0.30 1.06 13.09 -1.59
224 337 Car -1 -1 -1.61 673.77 577.23 856.60 747.63 1.76 1.90 4.03 0.29 1.05 13.18 -1.59
225 337 Car -1 -1 -1.62 673.64 576.62 854.96 745.39 1.76 1.90 4.03 0.27 1.05 13.27 -1.60
226 337 Car -1 -1 -1.62 673.71 575.75 853.29 742.57 1.76 1.90 4.03 0.26 1.03 13.38 -1.60
227 337 Car -1 -1 -1.62 673.77 574.71 851.64 739.81 1.76 1.90 4.03 0.24 1.02 13.48 -1.61
228 337 Car -1 -1 -1.63 673.84 573.58 850.03 737.11 1.76 1.90 4.03 0.23 1.01 13.59 -1.61
229 337 Car -1 -1 -1.63 673.90 572.46 848.44 734.45 1.76 1.90 4.03 0.21 1.00 13.70 -1.61
230 337 Car -1 -1 -1.63 673.97 571.36 846.88 731.84 1.76 1.90 4.03 0.20 0.99 13.80 -1.62
231 337 Car -1 -1 -1.63 673.86 570.66 844.98 729.47 1.76 1.90 4.03 0.18 0.98 13.93 -1.62
232 337 Car -1 -1 -1.64 673.76 569.98 843.11 727.15 1.76 1.90 4.03 0.17 0.98 14.05 -1.62
233 337 Car -1 -1 -1.64 673.66 569.30 841.28 724.87 1.76 1.90 4.03 0.16 0.97 14.17 -1.63
234 337 Car -1 -1 -1.64 673.08 568.64 839.49 722.64 1.76 1.90 4.03 0.14 0.96 14.29 -1.63
235 337 Car -1 -1 -1.64 672.29 567.99 837.73 720.46 1.76 1.90 4.03 0.13 0.95 14.41 -1.63
236 337 Car -1 -1 -1.64 671.51 567.36 836.01 718.32 1.76 1.90 4.03 0.12 0.95 14.54 -1.63
237 337 Car -1 -1 -1.64 670.75 566.74 834.32 716.22 1.76 1.90 4.03 0.10 0.94 14.66 -1.64
238 337 Car -1 -1 -1.65 669.99 566.13 832.66 714.16 1.76 1.90 4.03 0.09 0.93 14.78 -1.64
239 337 Car -1 -1 -1.65 669.25 565.53 831.04 712.14 1.76 1.90 4.03 0.08 0.93 14.90 -1.64
240 337 Car -1 -1 -1.65 668.52 564.94 829.44 710.17 1.76 1.90 4.03 0.06 0.92 15.02 -1.65
241 337 Car -1 -1 -1.67 660.47 560.70 823.19 703.81 1.76 1.90 4.03 -0.04 0.87 15.23 -1.67
242 337 Car -1 -1 -1.67 658.87 559.86 820.69 701.39 1.76 1.90 4.03 -0.06 0.86 15.38 -1.67
243 337 Car -1 -1 -1.67 657.31 559.04 818.25 699.03 1.76 1.90 4.03 -0.09 0.85 15.53 -1.68
244 337 Car -1 -1 -1.67 655.77 558.24 815.85 696.71 1.76 1.90 4.03 -0.12 0.83 15.68 -1.68
245 337 Car -1 -1 -1.68 654.26 557.45 813.51 694.45 1.76 1.90 4.03 -0.15 0.82 15.83 -1.69
246 337 Car -1 -1 -1.67 653.43 557.51 810.17 693.01 1.76 1.90 4.03 -0.17 0.82 15.98 -1.68
247 337 Car -1 -1 -1.67 652.62 557.57 806.91 691.60 1.76 1.90 4.03 -0.20 0.82 16.13 -1.68
248 337 Car -1 -1 -1.66 651.82 557.63 803.71 690.22 1.76 1.90 4.03 -0.23 0.82 16.28 -1.68
249 337 Car -1 -1 -1.66 651.03 557.68 800.58 688.87 1.76 1.90 4.03 -0.26 0.82 16.43 -1.68
250 337 Car -1 -1 -1.66 650.26 557.74 797.51 687.55 1.76 1.90 4.03 -0.29 0.82 16.58 -1.68
251 337 Car -1 -1 -1.65 650.03 556.21 794.42 684.67 1.76 1.90 4.03 -0.32 0.80 16.73 -1.67
252 337 Car -1 -1 -1.65 649.80 554.72 791.39 681.85 1.76 1.90 4.03 -0.34 0.78 16.88 -1.67
253 337 Car -1 -1 -1.64 649.57 553.25 788.42 679.17 1.76 1.90 4.03 -0.37 0.76 17.03 -1.66
254 337 Car -1 -1 -1.63 649.35 551.82 785.50 676.55 1.76 1.90 4.03 -0.39 0.74 17.18 -1.66
255 337 Car -1 -1 -1.63 649.13 550.41 782.63 673.98 1.76 1.90 4.03 -0.42 0.71 17.32 -1.65
256 337 Car -1 -1 -1.62 646.89 550.68 779.20 673.36 1.76 1.90 4.03 -0.45 0.72 17.44 -1.65
257 337 Car -1 -1 -1.61 644.43 550.94 775.82 672.74 1.76 1.90 4.03 -0.49 0.72 17.56 -1.64
258 337 Car -1 -1 -1.61 642.00 551.21 772.48 672.13 1.76 1.90 4.03 -0.52 0.72 17.67 -1.64
259 337 Car -1 -1 -1.60 639.61 551.46 769.19 671.53 1.76 1.90 4.03 -0.56 0.72 17.79 -1.63
260 337 Car -1 -1 -1.59 637.26 551.72 765.95 670.94 1.76 1.90 4.03 -0.60 0.73 17.90 -1.63
261 337 Car -1 -1 -1.59 635.31 552.23 762.83 670.35 1.76 1.90 4.03 -0.64 0.73 18.05 -1.63
262 337 Car -1 -1 -1.59 633.40 552.73 759.77 669.78 1.76 1.90 4.03 -0.68 0.74 18.20 -1.63
263 337 Car -1 -1 -1.59 631.52 553.23 756.76 669.21 1.76 1.90 4.03 -0.72 0.74 18.35 -1.62
264 337 Car -1 -1 -1.58 629.68 553.71 753.81 668.66 1.76 1.90 4.03 -0.76 0.75 18.50 -1.62
265 337 Car -1 -1 -1.58 627.87 554.19 750.91 668.11 1.76 1.90 4.03 -0.80 0.76 18.64 -1.62
266 337 Car -1 -1 -1.58 626.09 554.66 748.06 667.58 1.76 1.90 4.03 -0.84 0.76 18.79 -1.62
267 337 Car -1 -1 -1.57 624.35 555.12 745.26 667.05 1.76 1.90 4.03 -0.88 0.77 18.94 -1.62
268 337 Car -1 -1 -1.57 622.63 555.57 742.51 666.53 1.76 1.90 4.03 -0.92 0.77 19.09 -1.62
269 337 Car -1 -1 -1.57 620.95 556.01 739.81 666.02 1.76 1.90 4.03 -0.96 0.78 19.24 -1.62
270 337 Car -1 -1 -1.56 619.29 556.45 737.15 665.52 1.76 1.90 4.03 -1.00 0.78 19.39 -1.62
271 337 Car -1 -1 -1.57 617.96 556.42 734.62 664.37 1.76 1.90 4.03 -1.05 0.78 19.57 -1.62
272 337 Car -1 -1 -1.57 616.66 556.39 732.14 663.23 1.76 1.90 4.03 -1.09 0.78 19.75 -1.62
273 337 Car -1 -1 -1.57 615.38 556.37 729.71 662.12 1.76 1.90 4.03 -1.14 0.78 19.93 -1.62
274 337 Car -1 -1 -1.57 614.13 556.34 727.33 661.04 1.76 1.90 4.03 -1.18 0.78 20.11 -1.63
275 337 Car -1 -1 -1.57 612.91 556.32 725.00 659.97 1.76 1.90 4.03 -1.23 0.78 20.29 -1.63
276 337 Car -1 -1 -1.57 611.71 556.29 722.72 658.92 1.76 1.90 4.03 -1.27 0.77 20.47 -1.63
277 337 Car -1 -1 -1.57 610.53 556.27 720.48 657.90 1.76 1.90 4.03 -1.32 0.77 20.65 -1.63
278 337 Car -1 -1 -1.57 609.38 556.24 718.28 656.89 1.76 1.90 4.03 -1.37 0.77 20.83 -1.63
279 337 Car -1 -1 -1.57 608.25 556.22 716.12 655.91 1.76 1.90 4.03 -1.41 0.77 21.01 -1.64
280 337 Car -1 -1 -1.57 607.13 556.20 714.00 654.94 1.76 1.90 4.03 -1.46 0.77 21.19 -1.64
281 337 Car -1 -1 -1.57 606.31 556.51 712.19 654.31 1.76 1.90 4.03 -1.51 0.77 21.37 -1.65
282 337 Car -1 -1 -1.58 605.51 556.81 710.41 653.69 1.76 1.90 4.03 -1.55 0.78 21.55 -1.65
283 337 Car -1 -1 -1.58 604.72 557.11 708.66 653.08 1.76 1.90 4.03 -1.60 0.78 21.73 -1.66
284 337 Car -1 -1 -1.59 603.95 557.40 706.95 652.49 1.76 1.90 4.03 -1.65 0.78 21.91 -1.66
285 337 Car -1 -1 -1.59 603.19 557.69 705.26 651.90 1.76 1.90 4.03 -1.70 0.79 22.09 -1.67
286 337 Car -1 -1 -1.60 602.45 557.98 703.60 651.33 1.76 1.90 4.03 -1.74 0.79 22.28 -1.67
287 337 Car -1 -1 -1.60 601.72 558.25 701.97 650.76 1.76 1.90 4.03 -1.79 0.80 22.46 -1.68
288 337 Car -1 -1 -1.60 601.00 558.53 700.37 650.21 1.76 1.90 4.03 -1.84 0.80 22.64 -1.69
289 337 Car -1 -1 -1.61 600.31 558.80 698.79 649.66 1.76 1.90 4.03 -1.89 0.81 22.82 -1.69
290 337 Car -1 -1 -1.61 599.41 559.06 697.24 649.13 1.76 1.90 4.03 -1.94 0.81 23.00 -1.70
291 337 Car -1 -1 -1.62 597.99 559.33 695.83 648.56 1.76 1.90 4.03 -1.98 0.81 23.19 -1.70
292 337 Car -1 -1 -1.62 596.58 559.60 694.43 648.00 1.76 1.90 4.03 -2.03 0.82 23.38 -1.71
293 337 Car -1 -1 -1.63 595.20 559.86 693.07 647.48 1.76 1.90 4.03 -2.07 0.82 23.58 -1.71
294 337 Car -1 -1 -1.63 593.83 560.12 691.72 646.97 1.76 1.90 4.03 -2.12 0.83 23.77 -1.72
295 337 Car -1 -1 -1.64 592.49 560.37 690.40 646.47 1.76 1.90 4.03 -2.17 0.83 23.96 -1.73
296 337 Car -1 -1 -1.64 591.17 560.62 689.10 645.98 1.76 1.90 4.03 -2.21 0.84 24.15 -1.73
297 337 Car -1 -1 -1.65 589.87 560.86 687.82 645.50 1.76 1.90 4.03 -2.26 0.84 24.35 -1.74
298 337 Car -1 -1 -1.65 588.59 561.10 686.56 645.02 1.76 1.90 4.03 -2.30 0.84 24.54 -1.74
299 337 Car -1 -1 -1.65 587.33 561.34 685.32 644.55 1.76 1.90 4.03 -2.35 0.85 24.73 -1.75
300 337 Car -1 -1 -1.66 586.09 561.57 684.10 644.09 1.76 1.90 4.03 -2.40 0.85 24.93 -1.76
301 337 Car -1 -1 -1.66 586.77 561.82 683.61 643.55 1.76 1.90 4.03 -2.41 0.86 25.14 -1.75
302 337 Car -1 -1 -1.66 587.44 562.07 683.12 643.02 1.76 1.90 4.03 -2.43 0.86 25.36 -1.75
303 337 Car -1 -1 -1.65 588.10 562.31 682.65 642.51 1.76 1.90 4.03 -2.45 0.87 25.58 -1.75
304 337 Car -1 -1 -1.65 588.75 562.55 682.18 642.00 1.76 1.90 4.03 -2.47 0.87 25.80 -1.75
305 337 Car -1 -1 -1.65 589.39 562.78 681.72 641.50 1.76 1.90 4.03 -2.48 0.88 26.02 -1.75
306 337 Car -1 -1 -1.65 590.02 563.01 681.27 641.01 1.76 1.90 4.03 -2.50 0.88 26.24 -1.74
307 337 Car -1 -1 -1.65 590.65 563.24 680.83 640.52 1.76 1.90 4.03 -2.52 0.89 26.46 -1.74
308 337 Car -1 -1 -1.64 591.26 563.46 680.39 640.05 1.76 1.90 4.03 -2.53 0.89 26.68 -1.74
309 337 Car -1 -1 -1.64 591.86 563.68 679.96 639.59 1.76 1.90 4.03 -2.55 0.90 26.90 -1.74
310 337 Car -1 -1 -1.64 592.45 563.89 679.54 639.13 1.76 1.90 4.03 -2.57 0.90 27.12 -1.73
312 341 Car -1 -1 -2.97 1091.91 559.55 1438.04 679.16 1.68 2.25 4.83 8.73 0.79 17.71 -2.51
313 341 Car -1 -1 -2.97 1087.24 560.10 1432.43 679.52 1.68 2.25 4.83 8.66 0.80 17.74 -2.51
314 341 Car -1 -1 -2.96 1082.58 560.65 1426.86 679.88 1.68 2.25 4.83 8.59 0.81 17.77 -2.51
315 341 Car -1 -1 -2.96 1077.94 561.20 1421.30 680.24 1.68 2.25 4.83 8.52 0.82 17.81 -2.51
316 341 Car -1 -1 -2.95 1073.32 561.74 1415.77 680.60 1.68 2.25 4.83 8.45 0.82 17.84 -2.51
317 341 Car -1 -1 -2.95 1068.71 562.25 1410.25 680.96 1.68 2.25 4.83 8.38 0.83 17.87 -2.51
318 341 Car -1 -1 -2.95 1064.12 562.71 1404.76 681.31 1.68 2.25 4.83 8.31 0.84 17.91 -2.51
319 341 Car -1 -1 -2.94 1059.55 563.18 1399.29 681.67 1.68 2.25 4.83 8.24 0.85 17.94 -2.51
320 341 Car -1 -1 -2.94 1054.99 563.64 1393.84 682.02 1.68 2.25 4.83 8.18 0.86 17.97 -2.51
321 341 Car -1 -1 -2.93 1050.45 564.10 1388.41 682.37 1.68 2.25 4.83 8.11 0.87 18.00 -2.51
322 341 Car -1 -1 -2.93 1042.33 564.10 1378.73 681.95 1.68 2.25 4.83 7.98 0.87 18.06 -2.51
323 341 Car -1 -1 -2.92 1034.25 564.11 1369.12 681.54 1.68 2.25 4.83 7.86 0.87 18.12 -2.51
324 341 Car -1 -1 -2.91 1026.23 564.12 1359.57 681.12 1.68 2.25 4.83 7.73 0.87 18.17 -2.51
325 341 Car -1 -1 -2.91 1018.25 564.12 1350.09 680.72 1.68 2.25 4.83 7.61 0.87 18.23 -2.51
326 341 Car -1 -1 -2.90 1010.32 564.13 1340.66 680.31 1.68 2.25 4.83 7.48 0.87 18.29 -2.51
327 341 Car -1 -1 -2.89 1002.44 564.13 1331.29 679.91 1.68 2.25 4.83 7.36 0.87 18.34 -2.51
328 341 Car -1 -1 -2.89 994.61 564.14 1321.98 679.51 1.68 2.25 4.83 7.24 0.87 18.40 -2.51
329 341 Car -1 -1 -2.88 986.82 564.15 1312.73 679.11 1.68 2.25 4.83 7.11 0.87 18.46 -2.51
330 341 Car -1 -1 -2.87 979.08 564.15 1303.54 678.72 1.68 2.25 4.83 6.99 0.87 18.51 -2.51
331 341 Car -1 -1 -2.87 971.50 564.62 1294.69 678.98 1.68 2.25 4.83 6.86 0.88 18.56 -2.51
332 341 Car -1 -1 -2.86 963.95 565.09 1285.88 679.25 1.68 2.25 4.83 6.74 0.89 18.61 -2.51
333 341 Car -1 -1 -2.85 956.45 565.55 1277.12 679.52 1.68 2.25 4.83 6.61 0.90 18.66 -2.51
334 341 Car -1 -1 -2.84 948.98 566.01 1268.41 679.78 1.68 2.25 4.83 6.49 0.91 18.70 -2.51
335 341 Car -1 -1 -2.84 941.55 566.48 1259.74 680.04 1.68 2.25 4.83 6.36 0.91 18.75 -2.51
336 341 Car -1 -1 -2.83 934.15 566.93 1251.12 680.30 1.68 2.25 4.83 6.24 0.92 18.80 -2.51
337 341 Car -1 -1 -2.82 926.79 567.39 1242.54 680.56 1.68 2.25 4.83 6.11 0.93 18.85 -2.51
338 341 Car -1 -1 -2.82 919.47 567.85 1234.00 680.82 1.68 2.25 4.83 5.99 0.94 18.89 -2.51
339 341 Car -1 -1 -2.81 912.18 568.30 1225.51 681.07 1.68 2.25 4.83 5.87 0.95 18.94 -2.51
340 341 Car -1 -1 -2.80 904.93 568.75 1217.06 681.32 1.68 2.25 4.83 5.74 0.96 18.99 -2.51
341 341 Car -1 -1 -2.80 894.89 568.79 1205.68 681.37 1.68 2.25 4.83 5.57 0.96 19.04 -2.51
342 341 Car -1 -1 -2.79 884.91 568.82 1194.37 681.42 1.68 2.25 4.83 5.39 0.97 19.09 -2.51
343 341 Car -1 -1 -2.78 874.98 568.86 1183.12 681.46 1.68 2.25 4.83 5.22 0.97 19.15 -2.51
344 341 Car -1 -1 -2.77 865.10 568.90 1171.94 681.51 1.68 2.25 4.83 5.04 0.98 19.20 -2.51
345 341 Car -1 -1 -2.76 855.27 568.94 1160.83 681.55 1.68 2.25 4.83 4.87 0.98 19.25 -2.51
346 341 Car -1 -1 -2.75 845.50 568.97 1149.77 681.60 1.68 2.25 4.83 4.70 0.98 19.31 -2.51
347 341 Car -1 -1 -2.74 835.77 569.01 1138.79 681.64 1.68 2.25 4.83 4.52 0.99 19.36 -2.51
348 341 Car -1 -1 -2.73 826.10 569.05 1127.86 681.68 1.68 2.25 4.83 4.35 0.99 19.41 -2.51
349 341 Car -1 -1 -2.72 816.47 569.09 1117.00 681.72 1.68 2.25 4.83 4.17 1.00 19.47 -2.51
350 341 Car -1 -1 -2.71 806.89 569.13 1106.20 681.76 1.68 2.25 4.83 4.00 1.00 19.52 -2.51
351 341 Car -1 -1 -2.70 795.12 569.40 1093.05 681.33 1.68 2.25 4.83 3.78 1.00 19.56 -2.51
352 341 Car -1 -1 -2.70 783.38 569.67 1079.97 680.91 1.68 2.25 4.83 3.56 1.00 19.60 -2.52
353 341 Car -1 -1 -2.69 771.69 569.94 1066.95 680.49 1.68 2.25 4.83 3.34 1.00 19.64 -2.52
354 341 Car -1 -1 -2.68 760.04 570.21 1053.99 680.07 1.68 2.25 4.83 3.12 1.01 19.68 -2.52
355 341 Car -1 -1 -2.67 748.43 570.47 1041.08 679.66 1.68 2.25 4.83 2.90 1.01 19.72 -2.52
356 341 Car -1 -1 -2.66 736.87 570.73 1028.24 679.25 1.68 2.25 4.83 2.69 1.01 19.76 -2.53
357 341 Car -1 -1 -2.65 725.35 570.99 1015.45 678.84 1.68 2.25 4.83 2.47 1.01 19.80 -2.53
358 341 Car -1 -1 -2.64 713.87 571.24 1002.72 678.44 1.68 2.25 4.83 2.25 1.01 19.84 -2.53
359 341 Car -1 -1 -2.64 702.43 571.50 990.06 678.04 1.68 2.25 4.83 2.03 1.01 19.88 -2.53
360 341 Car -1 -1 -2.63 691.04 571.75 977.44 677.64 1.68 2.25 4.83 1.81 1.02 19.92 -2.54
361 341 Car -1 -1 -2.61 676.18 572.31 961.12 677.79 1.68 2.25 4.83 1.52 1.03 19.97 -2.53
362 341 Car -1 -1 -2.59 661.41 572.87 944.84 677.94 1.68 2.25 4.83 1.23 1.04 20.02 -2.53
363 341 Car -1 -1 -2.57 646.74 573.43 928.61 678.08 1.68 2.25 4.83 0.94 1.04 20.07 -2.52
364 341 Car -1 -1 -2.55 632.15 573.99 912.43 678.23 1.68 2.25 4.83 0.65 1.05 20.11 -2.52
365 341 Car -1 -1 -2.53 617.66 574.54 896.31 678.37 1.68 2.25 4.83 0.36 1.06 20.16 -2.51
366 341 Car -1 -1 -2.51 603.26 575.09 880.23 678.51 1.68 2.25 4.83 0.08 1.07 20.21 -2.51
367 341 Car -1 -1 -2.49 588.95 575.64 864.21 678.64 1.68 2.25 4.83 -0.21 1.08 20.26 -2.50
368 341 Car -1 -1 -2.47 574.72 576.19 848.23 678.78 1.68 2.25 4.83 -0.50 1.09 20.30 -2.50
369 341 Car -1 -1 -2.46 560.96 575.79 833.70 678.02 1.68 2.25 4.83 -0.77 1.08 20.29 -2.49
370 341 Car -1 -1 -2.44 547.19 575.26 819.15 677.26 1.68 2.25 4.83 -1.04 1.07 20.28 -2.49
371 341 Car -1 -1 -2.43 533.41 574.60 804.57 676.49 1.68 2.25 4.83 -1.31 1.06 20.27 -2.49
372 341 Car -1 -1 -2.41 519.63 573.93 789.97 675.73 1.68 2.25 4.83 -1.58 1.05 20.26 -2.49
373 341 Car -1 -1 -2.39 505.85 573.25 775.33 674.96 1.68 2.25 4.83 -1.85 1.03 20.25 -2.49
374 341 Car -1 -1 -2.38 492.06 572.58 760.67 674.19 1.68 2.25 4.83 -2.12 1.02 20.24 -2.48
375 341 Car -1 -1 -2.36 478.26 571.91 745.99 673.42 1.68 2.25 4.83 -2.39 1.01 20.23 -2.48
376 341 Car -1 -1 -2.35 464.46 571.23 731.27 672.64 1.68 2.25 4.83 -2.66 1.00 20.22 -2.48
377 341 Car -1 -1 -2.33 450.66 570.55 716.53 671.87 1.68 2.25 4.83 -2.93 0.99 20.21 -2.48
378 341 Car -1 -1 -2.32 433.15 570.58 698.56 671.84 1.68 2.25 4.83 -3.26 0.99 20.19 -2.48
379 341 Car -1 -1 -2.31 415.60 570.60 680.57 671.81 1.68 2.25 4.83 -3.59 0.99 20.18 -2.48
380 341 Car -1 -1 -2.30 398.02 570.63 662.57 671.78 1.68 2.25 4.83 -3.92 0.99 20.16 -2.49
381 341 Car -1 -1 -2.28 380.39 570.66 644.56 671.76 1.68 2.25 4.83 -4.26 0.99 20.15 -2.49
382 341 Car -1 -1 -2.27 362.73 570.69 626.54 671.73 1.68 2.25 4.83 -4.59 1.00 20.13 -2.50
383 341 Car -1 -1 -2.26 345.03 570.67 608.50 671.70 1.68 2.25 4.83 -4.92 1.00 20.12 -2.50
384 341 Car -1 -1 -2.25 327.29 570.58 590.45 671.67 1.68 2.25 4.83 -5.25 1.00 20.10 -2.50
385 341 Car -1 -1 -2.24 309.51 570.50 572.39 671.65 1.68 2.25 4.83 -5.59 1.00 20.09 -2.51
386 341 Car -1 -1 -2.22 291.69 570.41 554.32 671.62 1.68 2.25 4.83 -5.92 1.00 20.07 -2.51
387 341 Car -1 -1 -2.21 273.83 570.32 536.24 671.59 1.68 2.25 4.83 -6.25 1.00 20.06 -2.52
388 341 Car -1 -1 -2.20 246.21 571.25 509.85 673.22 1.68 2.25 4.83 -6.71 1.02 19.93 -2.52
389 341 Car -1 -1 -2.18 218.21 572.19 483.16 674.88 1.68 2.25 4.83 -7.17 1.04 19.80 -2.53
390 341 Car -1 -1 -2.16 189.81 573.15 456.14 676.55 1.68 2.25 4.83 -7.64 1.06 19.67 -2.53
391 341 Car -1 -1 -2.15 160.91 574.12 428.79 678.25 1.68 2.25 4.83 -8.10 1.07 19.54 -2.54
392 341 Car -1 -1 -2.13 131.57 575.11 401.12 679.98 1.68 2.25 4.83 -8.56 1.09 19.41 -2.55
393 341 Car -1 -1 -2.12 101.80 576.11 373.10 681.73 1.68 2.25 4.83 -9.03 1.11 19.28 -2.55
394 341 Car -1 -1 -2.10 71.58 577.12 344.74 683.51 1.68 2.25 4.83 -9.49 1.13 19.15 -2.56
395 341 Car -1 -1 -2.09 40.91 578.16 316.03 685.31 1.68 2.25 4.83 -9.95 1.14 19.02 -2.57
396 341 Car -1 -1 -2.07 9.77 579.20 286.96 687.14 1.68 2.25 4.83 -10.41 1.16 18.89 -2.57
431 342 Car -1 -1 2.41 1117.84 623.41 1422.49 742.09 1.51 1.58 3.94 7.83 1.67 15.65 2.87
432 342 Car -1 -1 2.41 1100.42 623.19 1403.07 742.31 1.51 1.58 3.94 7.56 1.66 15.64 2.86
433 342 Car -1 -1 2.41 1082.94 622.98 1383.68 742.53 1.51 1.58 3.94 7.29 1.66 15.63 2.84
434 342 Car -1 -1 2.41 1065.41 622.77 1364.32 742.74 1.51 1.58 3.94 7.02 1.66 15.62 2.83
435 342 Car -1 -1 2.41 1051.48 622.25 1349.42 742.77 1.51 1.58 3.94 6.79 1.65 15.59 2.82
436 342 Car -1 -1 2.40 1037.46 621.73 1334.49 742.79 1.51 1.58 3.94 6.57 1.64 15.55 2.80
437 342 Car -1 -1 2.40 1023.35 621.21 1319.51 742.81 1.51 1.58 3.94 6.35 1.63 15.52 2.79
438 342 Car -1 -1 2.40 1009.16 620.69 1304.49 742.83 1.51 1.58 3.94 6.13 1.62 15.48 2.78
439 342 Car -1 -1 2.40 994.87 620.17 1289.43 742.84 1.51 1.58 3.94 5.90 1.61 15.44 2.77
440 342 Car -1 -1 2.40 980.48 619.64 1274.33 742.86 1.51 1.58 3.94 5.68 1.60 15.41 2.75
441 342 Car -1 -1 2.40 966.00 619.12 1259.18 742.87 1.51 1.58 3.94 5.46 1.60 15.37 2.74
442 342 Car -1 -1 2.40 951.43 618.60 1244.00 742.87 1.51 1.58 3.94 5.23 1.59 15.34 2.73
443 342 Car -1 -1 2.40 936.76 618.08 1228.77 742.88 1.51 1.58 3.94 5.01 1.58 15.30 2.71
444 342 Car -1 -1 2.40 921.39 617.80 1213.94 743.68 1.51 1.58 3.94 4.77 1.57 15.21 2.70
445 342 Car -1 -1 2.40 905.81 617.53 1198.96 744.49 1.51 1.58 3.94 4.53 1.56 15.12 2.69
446 342 Car -1 -1 2.40 890.01 617.25 1183.83 745.31 1.51 1.58 3.94 4.29 1.55 15.03 2.67
447 342 Car -1 -1 2.40 873.99 616.97 1168.55 746.14 1.51 1.58 3.94 4.05 1.55 14.94 2.66
448 342 Car -1 -1 2.40 857.73 616.69 1153.13 746.98 1.51 1.58 3.94 3.81 1.54 14.85 2.65
449 342 Car -1 -1 2.40 841.24 616.41 1137.55 747.83 1.51 1.58 3.94 3.57 1.53 14.76 2.64
450 342 Car -1 -1 2.40 824.50 616.12 1121.82 748.70 1.51 1.58 3.94 3.33 1.52 14.67 2.62
451 342 Car -1 -1 2.40 807.52 615.84 1105.94 749.57 1.51 1.58 3.94 3.09 1.51 14.58 2.61
452 342 Car -1 -1 2.40 790.28 615.55 1089.90 750.45 1.51 1.58 3.94 2.85 1.51 14.49 2.60
453 342 Car -1 -1 2.41 772.78 615.26 1073.69 751.34 1.51 1.58 3.94 2.60 1.50 14.40 2.58
454 342 Car -1 -1 2.40 757.52 615.41 1059.66 753.09 1.51 1.58 3.94 2.39 1.50 14.30 2.57
454 343 Car -1 -1 1.95 1239.00 611.25 1429.30 702.95 1.52 1.68 4.58 11.92 1.75 21.09 2.47
455 342 Car -1 -1 2.40 741.99 615.56 1045.46 754.86 1.51 1.58 3.94 2.18 1.49 14.19 2.55
455 343 Car -1 -1 1.95 1223.72 610.87 1412.94 702.58 1.52 1.68 4.58 11.62 1.74 21.10 2.46
456 342 Car -1 -1 2.40 726.18 615.72 1031.07 756.67 1.51 1.58 3.94 1.97 1.49 14.08 2.54
456 343 Car -1 -1 1.96 1208.43 610.49 1396.62 702.21 1.52 1.68 4.58 11.31 1.73 21.11 2.45
457 342 Car -1 -1 2.39 710.08 615.88 1016.51 758.50 1.51 1.58 3.94 1.76 1.49 13.98 2.52
457 343 Car -1 -1 1.96 1193.13 610.11 1380.34 701.83 1.52 1.68 4.58 11.01 1.73 21.12 2.44
458 342 Car -1 -1 2.39 693.69 616.05 1001.75 760.36 1.51 1.58 3.94 1.55 1.49 13.87 2.50
458 343 Car -1 -1 1.96 1177.81 609.74 1364.10 701.45 1.52 1.68 4.58 10.70 1.72 21.13 2.43
459 342 Car -1 -1 2.39 677.00 616.21 986.81 762.26 1.51 1.58 3.94 1.34 1.49 13.76 2.49
459 343 Car -1 -1 1.96 1162.49 609.36 1347.90 701.08 1.52 1.68 4.58 10.40 1.71 21.13 2.42
460 342 Car -1 -1 2.39 659.99 616.38 971.68 764.19 1.51 1.58 3.94 1.13 1.49 13.66 2.47
460 343 Car -1 -1 1.96 1147.15 608.98 1331.74 700.70 1.52 1.68 4.58 10.09 1.70 21.14 2.41
461 342 Car -1 -1 2.39 642.66 616.56 956.35 766.15 1.51 1.58 3.94 0.92 1.48 13.55 2.45
461 343 Car -1 -1 1.96 1131.80 608.61 1315.61 700.32 1.52 1.68 4.58 9.78 1.70 21.15 2.40
461 344 Car -1 -1 1.92 1259.65 593.43 1423.89 685.80 1.89 1.93 4.24 14.02 1.64 24.53 2.44
462 342 Car -1 -1 2.38 625.00 616.73 940.83 768.15 1.51 1.58 3.94 0.71 1.48 13.44 2.44
462 343 Car -1 -1 1.98 1100.59 609.98 1284.05 701.49 1.52 1.68 4.58 9.22 1.73 21.28 2.38
462 344 Car -1 -1 1.92 1244.86 593.23 1407.43 685.46 1.89 1.93 4.24 13.69 1.64 24.58 2.43
463 342 Car -1 -1 2.38 606.99 616.91 925.10 770.18 1.51 1.58 3.94 0.50 1.48 13.34 2.42
463 343 Car -1 -1 1.98 1087.29 610.61 1270.42 702.64 1.52 1.68 4.58 8.93 1.74 21.23 2.37
463 344 Car -1 -1 1.92 1230.11 593.03 1391.06 685.12 1.89 1.93 4.24 13.36 1.64 24.63 2.42
464 342 Car -1 -1 2.38 591.71 617.69 912.78 773.31 1.51 1.58 3.94 0.34 1.49 13.21 2.41
464 343 Car -1 -1 1.98 1073.89 611.25 1256.74 703.79 1.52 1.68 4.58 8.64 1.76 21.18 2.36
464 344 Car -1 -1 1.92 1215.40 592.84 1374.79 684.77 1.89 1.93 4.24 13.03 1.63 24.68 2.40
465 342 Car -1 -1 2.38 576.08 618.48 900.25 776.51 1.51 1.58 3.94 0.17 1.49 13.08 2.39
465 343 Car -1 -1 1.98 1060.41 611.89 1243.02 704.95 1.52 1.68 4.58 8.35 1.77 21.13 2.35
465 344 Car -1 -1 1.92 1199.60 593.14 1357.87 685.24 1.89 1.93 4.24 12.65 1.64 24.68 2.39
466 342 Car -1 -1 2.38 560.07 619.28 887.51 779.80 1.51 1.58 3.94 -0.00 1.50 12.95 2.38
466 343 Car -1 -1 1.98 1046.84 612.53 1229.25 706.11 1.52 1.68 4.58 8.07 1.78 21.08 2.34
466 344 Car -1 -1 1.91 1183.77 593.44 1340.97 685.70 1.89 1.93 4.24 12.27 1.65 24.68 2.38
467 342 Car -1 -1 2.38 543.68 620.10 874.54 783.16 1.51 1.58 3.94 -0.17 1.50 12.82 2.37
467 343 Car -1 -1 1.98 1033.19 613.18 1215.44 707.28 1.52 1.68 4.58 7.78 1.79 21.03 2.33
467 344 Car -1 -1 1.91 1167.91 593.74 1324.10 686.16 1.89 1.93 4.24 11.89 1.66 24.67 2.36
468 342 Car -1 -1 2.38 526.88 620.93 861.35 786.60 1.51 1.58 3.94 -0.34 1.51 12.68 2.35
468 343 Car -1 -1 1.98 1019.43 613.83 1201.58 708.46 1.52 1.68 4.58 7.49 1.81 20.98 2.32
468 344 Car -1 -1 1.91 1152.03 594.04 1307.24 686.62 1.89 1.93 4.24 11.51 1.67 24.67 2.35
469 342 Car -1 -1 2.38 509.67 621.77 847.93 790.13 1.51 1.58 3.94 -0.51 1.51 12.55 2.34
469 343 Car -1 -1 1.98 1005.59 614.47 1187.68 709.64 1.52 1.68 4.58 7.20 1.82 20.92 2.31
469 344 Car -1 -1 1.91 1136.11 594.34 1290.40 687.08 1.89 1.93 4.24 11.13 1.67 24.67 2.34
470 342 Car -1 -1 2.38 492.03 622.63 834.26 793.75 1.51 1.58 3.94 -0.68 1.52 12.42 2.32
470 343 Car -1 -1 1.98 991.66 615.13 1173.74 710.83 1.52 1.68 4.58 6.91 1.83 20.87 2.30
470 344 Car -1 -1 1.91 1120.17 594.64 1273.59 687.54 1.89 1.93 4.24 10.76 1.68 24.66 2.32
471 342 Car -1 -1 2.38 473.94 623.51 820.36 797.45 1.51 1.58 3.94 -0.85 1.52 12.29 2.31
471 343 Car -1 -1 1.98 977.63 615.78 1159.75 712.03 1.52 1.68 4.58 6.63 1.84 20.82 2.29
471 344 Car -1 -1 1.91 1104.20 594.94 1256.79 687.99 1.89 1.93 4.24 10.38 1.69 24.66 2.31
472 342 Car -1 -1 2.38 455.37 624.40 806.21 801.26 1.51 1.58 3.94 -1.02 1.53 12.16 2.30
472 343 Car -1 -1 1.98 966.55 615.55 1147.89 712.21 1.52 1.68 4.58 6.39 1.84 20.76 2.28
472 344 Car -1 -1 1.91 1088.20 595.24 1240.02 688.45 1.89 1.93 4.24 10.00 1.70 24.66 2.30
473 342 Car -1 -1 2.38 436.33 625.31 791.80 805.16 1.51 1.58 3.94 -1.19 1.53 12.03 2.28
473 343 Car -1 -1 1.97 955.39 615.31 1135.98 712.38 1.52 1.68 4.58 6.15 1.83 20.70 2.26
473 344 Car -1 -1 1.91 1072.17 595.54 1223.26 688.90 1.89 1.93 4.24 9.62 1.70 24.65 2.28
474 342 Car -1 -1 2.38 417.00 625.95 778.56 809.58 1.51 1.58 3.94 -1.34 1.53 11.86 2.27
474 343 Car -1 -1 1.97 944.14 615.07 1124.03 712.56 1.52 1.68 4.58 5.90 1.82 20.64 2.25
474 344 Car -1 -1 1.91 1056.11 595.84 1206.53 689.35 1.89 1.93 4.24 9.24 1.71 24.65 2.27
475 342 Car -1 -1 2.38 396.99 626.60 764.98 814.15 1.51 1.58 3.94 -1.50 1.53 11.68 2.26
475 343 Car -1 -1 1.97 932.81 614.83 1112.02 712.73 1.52 1.68 4.58 5.66 1.81 20.57 2.23
475 344 Car -1 -1 1.91 1044.87 595.75 1195.06 689.42 1.89 1.93 4.24 8.97 1.71 24.62 2.26
476 342 Car -1 -1 2.38 376.25 627.27 751.04 818.89 1.51 1.58 3.94 -1.65 1.53 11.51 2.24
476 343 Car -1 -1 1.96 921.39 614.60 1099.95 712.90 1.52 1.68 4.58 5.42 1.81 20.51 2.22
476 344 Car -1 -1 1.91 1033.58 595.66 1183.57 689.49 1.89 1.93 4.24 8.70 1.71 24.59 2.25
477 342 Car -1 -1 2.39 354.74 627.96 736.75 823.82 1.51 1.58 3.94 -1.81 1.53 11.33 2.23
477 343 Car -1 -1 1.96 909.88 614.36 1087.84 713.07 1.52 1.68 4.58 5.18 1.80 20.45 2.21
477 344 Car -1 -1 1.91 1022.25 595.57 1172.07 689.55 1.89 1.93 4.24 8.43 1.70 24.56 2.25
478 342 Car -1 -1 2.39 332.42 628.66 722.07 828.92 1.51 1.58 3.94 -1.96 1.53 11.16 2.21
478 343 Car -1 -1 1.95 898.28 614.12 1075.67 713.23 1.52 1.68 4.58 4.94 1.79 20.39 2.19
478 344 Car -1 -1 1.92 1010.88 595.48 1160.55 689.62 1.89 1.93 4.24 8.15 1.70 24.53 2.24
479 342 Car -1 -1 2.39 309.25 629.39 707.00 834.23 1.51 1.58 3.94 -2.11 1.53 10.98 2.20
479 343 Car -1 -1 1.95 886.59 613.88 1063.45 713.40 1.52 1.68 4.58 4.70 1.78 20.32 2.18
479 344 Car -1 -1 1.92 999.48 595.39 1149.02 689.68 1.89 1.93 4.24 7.88 1.70 24.50 2.23
480 342 Car -1 -1 2.39 285.16 630.14 691.52 839.74 1.51 1.58 3.94 -2.27 1.53 10.81 2.19
480 343 Car -1 -1 1.95 874.81 613.64 1051.18 713.56 1.52 1.68 4.58 4.46 1.78 20.26 2.16
480 344 Car -1 -1 1.92 988.03 595.30 1137.47 689.75 1.89 1.93 4.24 7.61 1.70 24.47 2.22
481 342 Car -1 -1 2.40 260.10 630.91 675.62 845.48 1.51 1.58 3.94 -2.42 1.52 10.63 2.17
481 343 Car -1 -1 1.94 862.93 613.40 1038.85 713.72 1.52 1.68 4.58 4.22 1.77 20.20 2.15
481 344 Car -1 -1 1.92 976.54 595.21 1125.91 689.81 1.89 1.93 4.24 7.34 1.69 24.44 2.21
482 342 Car -1 -1 2.40 234.02 631.70 659.28 851.46 1.51 1.58 3.94 -2.58 1.52 10.46 2.16
482 343 Car -1 -1 1.95 848.41 613.73 1026.30 714.84 1.52 1.68 4.58 3.95 1.77 20.08 2.15
482 344 Car -1 -1 1.92 965.01 595.12 1114.32 689.87 1.89 1.93 4.24 7.07 1.69 24.41 2.20
483 342 Car -1 -1 2.40 206.84 632.51 642.48 857.68 1.51 1.58 3.94 -2.73 1.52 10.28 2.15
483 343 Car -1 -1 1.96 833.70 614.07 1013.62 715.98 1.52 1.68 4.58 3.67 1.77 19.97 2.14
483 344 Car -1 -1 1.92 953.43 595.03 1102.73 689.94 1.89 1.93 4.24 6.79 1.69 24.38 2.19
484 342 Car -1 -1 2.41 184.30 632.95 629.28 862.92 1.51 1.58 3.94 -2.85 1.52 10.13 2.13
484 343 Car -1 -1 1.97 818.78 614.41 1000.82 717.13 1.52 1.68 4.58 3.39 1.77 19.85 2.14
484 344 Car -1 -1 1.92 941.82 594.94 1091.11 690.00 1.89 1.93 4.24 6.52 1.68 24.35 2.18
485 342 Car -1 -1 2.41 160.89 633.40 615.74 868.36 1.51 1.58 3.94 -2.96 1.51 9.98 2.12
485 343 Car -1 -1 1.97 803.66 614.75 987.89 718.30 1.52 1.68 4.58 3.12 1.78 19.74 2.13
485 344 Car -1 -1 1.92 928.45 595.26 1077.41 690.85 1.89 1.93 4.24 6.19 1.69 24.26 2.17
486 342 Car -1 -1 2.42 136.57 633.86 601.84 874.02 1.51 1.58 3.94 -3.08 1.51 9.82 2.11
486 343 Car -1 -1 1.98 788.34 615.10 974.82 719.48 1.52 1.68 4.58 2.84 1.78 19.62 2.12
486 344 Car -1 -1 1.92 914.96 595.59 1063.62 691.71 1.89 1.93 4.24 5.86 1.70 24.17 2.15
487 342 Car -1 -1 2.42 111.27 634.33 587.59 879.90 1.51 1.58 3.94 -3.19 1.51 9.67 2.10
487 343 Car -1 -1 1.99 772.80 615.45 961.62 720.68 1.52 1.68 4.58 2.57 1.78 19.50 2.12
487 344 Car -1 -1 1.91 901.35 595.92 1049.76 692.57 1.89 1.93 4.24 5.53 1.70 24.08 2.14
488 342 Car -1 -1 2.42 84.95 634.81 572.95 886.02 1.51 1.58 3.94 -3.31 1.50 9.51 2.09
488 343 Car -1 -1 2.00 757.04 615.80 948.28 721.90 1.52 1.68 4.58 2.29 1.78 19.39 2.11
488 344 Car -1 -1 1.91 887.61 596.26 1035.81 693.43 1.89 1.93 4.24 5.20 1.71 23.99 2.12
489 342 Car -1 -1 2.43 57.53 635.31 557.92 892.40 1.51 1.58 3.94 -3.42 1.50 9.36 2.08
489 343 Car -1 -1 2.00 741.07 616.16 934.81 723.13 1.52 1.68 4.58 2.01 1.78 19.27 2.11
489 344 Car -1 -1 1.91 873.75 596.59 1021.79 694.30 1.89 1.93 4.24 4.87 1.71 23.90 2.11
490 342 Car -1 -1 2.43 28.94 635.83 542.47 899.05 1.51 1.58 3.94 -3.54 1.49 9.20 2.07
490 343 Car -1 -1 2.01 724.87 616.52 921.20 724.38 1.52 1.68 4.58 1.74 1.79 19.15 2.10
490 344 Car -1 -1 1.91 859.76 596.93 1007.68 695.18 1.89 1.93 4.24 4.55 1.72 23.81 2.09
491 343 Car -1 -1 2.02 708.43 616.89 907.44 725.65 1.52 1.68 4.58 1.46 1.79 19.04 2.10
491 344 Car -1 -1 1.90 845.64 597.27 993.48 696.06 1.89 1.93 4.24 4.22 1.73 23.72 2.08
492 343 Car -1 -1 2.01 696.51 617.00 895.31 726.85 1.52 1.68 4.58 1.24 1.78 18.90 2.08
492 344 Car -1 -1 1.90 831.39 597.61 979.20 696.94 1.89 1.93 4.24 3.89 1.73 23.63 2.07
493 343 Car -1 -1 2.01 684.39 617.12 883.03 728.06 1.52 1.68 4.58 1.02 1.78 18.76 2.06
493 344 Car -1 -1 1.90 817.01 597.96 964.84 697.83 1.89 1.93 4.24 3.56 1.74 23.54 2.05
494 343 Car -1 -1 2.00 672.07 617.24 870.60 729.29 1.52 1.68 4.58 0.80 1.78 18.63 2.04
494 344 Car -1 -1 1.90 802.49 598.31 950.38 698.73 1.89 1.93 4.24 3.23 1.74 23.45 2.04
495 343 Car -1 -1 1.99 659.53 617.36 858.00 730.53 1.52 1.68 4.58 0.58 1.77 18.49 2.02
495 344 Car -1 -1 1.90 791.28 598.22 939.90 699.17 1.89 1.93 4.24 2.98 1.74 23.34 2.03
495 345 Car -1 -1 -1.68 1288.51 618.80 1437.38 738.48 1.53 1.63 4.01 10.07 1.74 17.35 -1.16
496 343 Car -1 -1 1.98 646.79 617.48 845.25 731.78 1.52 1.68 4.58 0.36 1.77 18.35 2.00
496 344 Car -1 -1 1.90 779.94 598.13 929.33 699.62 1.89 1.93 4.24 2.73 1.73 23.23 2.02
496 345 Car -1 -1 -1.68 1277.77 617.96 1425.89 737.71 1.53 1.63 4.01 9.87 1.72 17.31 -1.16
497 343 Car -1 -1 1.98 633.82 617.61 832.33 733.05 1.52 1.68 4.58 0.15 1.76 18.21 1.98
497 344 Car -1 -1 1.90 768.48 598.03 918.67 700.08 1.89 1.93 4.24 2.48 1.73 23.11 2.01
497 345 Car -1 -1 -1.68 1266.98 617.12 1414.34 736.92 1.53 1.63 4.01 9.67 1.71 17.28 -1.17
498 343 Car -1 -1 1.97 620.63 617.74 819.24 734.33 1.52 1.68 4.58 -0.07 1.76 18.07 1.96
498 344 Car -1 -1 1.90 756.88 597.94 907.92 700.54 1.89 1.93 4.24 2.23 1.72 23.00 2.00
498 345 Car -1 -1 -1.68 1256.16 616.27 1402.74 736.14 1.53 1.63 4.01 9.47 1.69 17.24 -1.17
499 343 Car -1 -1 1.96 607.20 617.88 805.99 735.63 1.52 1.68 4.58 -0.29 1.76 17.94 1.94
499 344 Car -1 -1 1.91 745.16 597.85 897.08 701.00 1.89 1.93 4.24 1.97 1.72 22.89 1.99
499 345 Car -1 -1 -1.67 1245.31 615.42 1391.08 735.34 1.53 1.63 4.01 9.27 1.67 17.21 -1.18
500 343 Car -1 -1 1.95 593.54 618.02 792.56 736.94 1.52 1.68 4.58 -0.51 1.75 17.80 1.93
500 344 Car -1 -1 1.91 733.30 597.75 886.15 701.47 1.89 1.93 4.24 1.72 1.71 22.78 1.98
500 345 Car -1 -1 -1.67 1234.41 614.57 1379.35 734.55 1.53 1.63 4.01 9.07 1.65 17.17 -1.19
501 343 Car -1 -1 1.95 579.63 618.16 778.95 738.26 1.52 1.68 4.58 -0.73 1.75 17.66 1.91
501 344 Car -1 -1 1.91 721.31 597.66 875.13 701.94 1.89 1.93 4.24 1.47 1.70 22.67 1.97
501 345 Car -1 -1 -1.67 1223.48 613.72 1367.57 733.75 1.53 1.63 4.01 8.87 1.64 17.14 -1.19
502 343 Car -1 -1 1.95 566.70 618.62 768.57 740.26 1.52 1.68 4.58 -0.91 1.75 17.49 1.90
502 344 Car -1 -1 1.91 709.17 597.56 864.01 702.41 1.89 1.93 4.24 1.22 1.70 22.56 1.97
502 345 Car -1 -1 -1.67 1212.51 612.86 1355.73 732.94 1.53 1.63 4.01 8.67 1.62 17.10 -1.20
503 343 Car -1 -1 1.95 553.48 619.10 758.02 742.29 1.52 1.68 4.58 -1.09 1.75 17.32 1.89
503 344 Car -1 -1 1.91 696.90 597.47 852.81 702.89 1.89 1.93 4.24 0.97 1.69 22.44 1.96
503 345 Car -1 -1 -1.67 1201.50 612.00 1343.83 732.13 1.53 1.63 4.01 8.47 1.60 17.06 -1.21
504 343 Car -1 -1 1.95 539.94 619.58 747.29 744.38 1.52 1.68 4.58 -1.27 1.75 17.15 1.88
504 344 Car -1 -1 1.92 684.49 597.37 841.50 703.37 1.89 1.93 4.24 0.72 1.69 22.33 1.95
504 345 Car -1 -1 -1.66 1190.45 611.13 1331.87 731.31 1.53 1.63 4.01 8.27 1.59 17.03 -1.21
505 343 Car -1 -1 1.96 526.09 620.07 736.37 746.51 1.52 1.68 4.58 -1.45 1.75 16.98 1.87
505 344 Car -1 -1 1.92 674.61 597.60 832.79 704.57 1.89 1.93 4.24 0.53 1.69 22.16 1.94
505 345 Car -1 -1 -1.67 1182.49 611.52 1325.23 732.59 1.53 1.63 4.01 8.10 1.59 16.94 -1.22
506 343 Car -1 -1 1.96 511.91 620.56 725.26 748.68 1.52 1.68 4.58 -1.63 1.75 16.81 1.86
506 344 Car -1 -1 1.92 664.57 597.84 823.96 705.79 1.89 1.93 4.24 0.33 1.69 22.00 1.93
506 345 Car -1 -1 -1.67 1174.45 611.91 1318.50 733.88 1.53 1.63 4.01 7.94 1.59 16.84 -1.23
507 343 Car -1 -1 1.96 497.38 621.07 713.96 750.91 1.52 1.68 4.58 -1.80 1.75 16.64 1.85
507 344 Car -1 -1 1.92 654.35 598.09 815.01 707.03 1.89 1.93 4.24 0.14 1.69 21.83 1.92
507 345 Car -1 -1 -1.67 1166.33 612.31 1311.67 735.19 1.53 1.63 4.01 7.78 1.60 16.75 -1.24
508 343 Car -1 -1 1.97 482.50 621.59 702.46 753.19 1.52 1.68 4.58 -1.98 1.75 16.47 1.85
508 344 Car -1 -1 1.92 643.96 598.33 805.94 708.29 1.89 1.93 4.24 -0.06 1.69 21.66 1.91
508 345 Car -1 -1 -1.68 1158.14 612.71 1304.75 736.51 1.53 1.63 4.01 7.61 1.60 16.66 -1.25
509 343 Car -1 -1 1.97 467.24 622.12 690.76 755.52 1.52 1.68 4.58 -2.16 1.75 16.30 1.84
509 344 Car -1 -1 1.92 633.38 598.58 796.74 709.57 1.89 1.93 4.24 -0.26 1.69 21.49 1.90
509 345 Car -1 -1 -1.68 1149.87 613.12 1297.74 737.85 1.53 1.63 4.01 7.45 1.60 16.56 -1.26
510 343 Car -1 -1 1.97 451.61 622.66 678.84 757.91 1.52 1.68 4.58 -2.34 1.75 16.13 1.83
510 344 Car -1 -1 1.92 622.61 598.84 787.41 710.87 1.89 1.93 4.24 -0.45 1.69 21.33 1.90
510 345 Car -1 -1 -1.68 1141.52 613.53 1290.62 739.20 1.53 1.63 4.01 7.29 1.60 16.47 -1.27
511 343 Car -1 -1 1.98 435.57 623.20 666.71 760.35 1.52 1.68 4.58 -2.52 1.75 15.96 1.82
511 344 Car -1 -1 1.92 611.64 599.09 777.96 712.19 1.89 1.93 4.24 -0.65 1.69 21.16 1.89
511 345 Car -1 -1 -1.69 1133.08 613.94 1283.41 740.56 1.53 1.63 4.01 7.12 1.61 16.38 -1.28
512 343 Car -1 -1 1.98 422.07 623.84 657.79 763.15 1.52 1.68 4.58 -2.65 1.75 15.77 1.81
512 344 Car -1 -1 1.92 600.48 599.35 768.37 713.54 1.89 1.93 4.24 -0.84 1.69 20.99 1.88
512 345 Car -1 -1 -1.69 1124.57 614.36 1276.10 741.95 1.53 1.63 4.01 6.96 1.61 16.29 -1.28
513 343 Car -1 -1 1.99 408.18 624.49 648.69 766.03 1.52 1.68 4.58 -2.78 1.75 15.58 1.81
513 344 Car -1 -1 1.92 589.11 599.62 758.64 714.90 1.89 1.93 4.24 -1.04 1.69 20.82 1.87
513 345 Car -1 -1 -1.69 1115.98 614.78 1268.68 743.34 1.53 1.63 4.01 6.80 1.61 16.19 -1.29
514 343 Car -1 -1 1.99 393.89 625.16 639.39 768.98 1.52 1.68 4.58 -2.90 1.75 15.40 1.81
514 344 Car -1 -1 1.92 577.54 599.89 748.77 716.30 1.89 1.93 4.24 -1.23 1.69 20.65 1.86
514 345 Car -1 -1 -1.69 1107.29 615.21 1261.16 744.76 1.53 1.63 4.01 6.63 1.62 16.10 -1.30
515 343 Car -1 -1 2.00 379.19 625.83 629.89 772.03 1.52 1.68 4.58 -3.03 1.75 15.21 1.80
515 344 Car -1 -1 1.92 565.74 600.16 738.77 717.71 1.89 1.93 4.24 -1.43 1.69 20.49 1.85
515 345 Car -1 -1 -1.69 1100.74 614.87 1255.34 745.17 1.53 1.63 4.01 6.50 1.61 16.01 -1.31
516 343 Car -1 -1 2.00 364.05 626.53 620.19 775.16 1.52 1.68 4.58 -3.16 1.75 15.02 1.80
516 344 Car -1 -1 1.92 553.72 600.44 728.61 719.15 1.89 1.93 4.24 -1.62 1.69 20.32 1.84
516 345 Car -1 -1 -1.69 1094.12 614.52 1249.43 745.59 1.53 1.63 4.01 6.37 1.60 15.91 -1.31
517 343 Car -1 -1 2.01 348.45 627.24 610.28 778.39 1.52 1.68 4.58 -3.29 1.76 14.83 1.79
517 344 Car -1 -1 1.92 541.48 600.72 718.31 720.61 1.89 1.93 4.24 -1.82 1.69 20.15 1.83
517 345 Car -1 -1 -1.69 1087.43 614.17 1243.44 746.01 1.53 1.63 4.01 6.24 1.59 15.82 -1.32
518 343 Car -1 -1 2.02 332.38 627.96 600.15 781.72 1.52 1.68 4.58 -3.42 1.76 14.64 1.79
518 344 Car -1 -1 1.93 529.00 601.01 707.85 722.10 1.89 1.93 4.24 -2.02 1.69 19.98 1.83
518 345 Car -1 -1 -1.69 1080.67 613.81 1237.37 746.43 1.53 1.63 4.01 6.10 1.58 15.73 -1.32
519 343 Car -1 -1 2.02 315.80 628.70 589.80 785.15 1.52 1.68 4.58 -3.55 1.76 14.46 1.78
519 344 Car -1 -1 1.93 516.27 601.30 697.24 723.62 1.89 1.93 4.24 -2.21 1.69 19.82 1.82
519 345 Car -1 -1 -1.69 1073.84 613.45 1231.21 746.86 1.53 1.63 4.01 5.97 1.57 15.64 -1.33
520 343 Car -1 -1 2.03 298.70 629.46 579.21 788.68 1.52 1.68 4.58 -3.67 1.76 14.27 1.78
520 344 Car -1 -1 1.93 507.19 601.60 690.40 725.36 1.89 1.93 4.24 -2.33 1.69 19.62 1.81
520 345 Car -1 -1 -1.70 1070.61 613.99 1230.62 749.18 1.53 1.63 4.01 5.88 1.57 15.47 -1.33
521 343 Car -1 -1 2.04 281.06 630.24 568.38 792.33 1.52 1.68 4.58 -3.80 1.76 14.08 1.78
521 344 Car -1 -1 1.93 497.91 601.90 683.44 727.14 1.89 1.93 4.24 -2.45 1.69 19.43 1.81
521 345 Car -1 -1 -1.70 1067.32 614.53 1230.02 751.55 1.53 1.63 4.01 5.78 1.57 15.31 -1.34
522 343 Car -1 -1 2.04 266.75 630.86 559.15 796.09 1.52 1.68 4.58 -3.89 1.75 13.87 1.77
522 344 Car -1 -1 1.93 488.41 602.21 676.34 728.95 1.89 1.93 4.24 -2.57 1.69 19.23 1.80
522 345 Car -1 -1 -1.71 1063.97 615.08 1229.40 753.98 1.53 1.63 4.01 5.69 1.57 15.15 -1.35
523 343 Car -1 -1 2.04 251.91 631.49 549.69 799.98 1.52 1.68 4.58 -3.98 1.75 13.67 1.75
523 344 Car -1 -1 1.93 478.69 602.53 669.13 730.81 1.89 1.93 4.24 -2.69 1.69 19.04 1.79
523 345 Car -1 -1 -1.71 1060.56 615.65 1228.76 756.47 1.53 1.63 4.01 5.60 1.57 14.99 -1.35
524 343 Car -1 -1 2.04 236.52 632.15 539.97 804.01 1.52 1.68 4.58 -4.06 1.75 13.46 1.74
524 344 Car -1 -1 1.94 468.74 602.85 661.77 732.71 1.89 1.93 4.24 -2.81 1.69 18.84 1.79
524 345 Car -1 -1 -1.71 1057.09 616.22 1228.10 759.02 1.53 1.63 4.01 5.50 1.57 14.83 -1.36
525 343 Car -1 -1 2.04 220.55 632.82 530.00 808.19 1.52 1.68 4.58 -4.15 1.74 13.25 1.73
525 344 Car -1 -1 1.94 458.56 603.18 654.29 734.66 1.89 1.93 4.24 -2.93 1.69 18.65 1.78
525 345 Car -1 -1 -1.72 1053.54 616.81 1227.42 761.64 1.53 1.63 4.01 5.41 1.57 14.66 -1.36
526 343 Car -1 -1 2.04 203.96 633.52 519.76 812.51 1.52 1.68 4.58 -4.23 1.74 13.04 1.72
526 344 Car -1 -1 1.94 448.13 603.51 646.66 736.65 1.89 1.93 4.24 -3.05 1.69 18.46 1.78
526 345 Car -1 -1 -1.72 1049.93 617.41 1226.72 764.32 1.53 1.63 4.01 5.32 1.57 14.50 -1.37
527 343 Car -1 -1 2.04 186.71 634.23 509.24 817.00 1.52 1.68 4.58 -4.32 1.74 12.84 1.71
527 344 Car -1 -1 1.94 437.45 603.85 638.89 738.68 1.89 1.93 4.24 -3.18 1.69 18.26 1.77
527 345 Car -1 -1 -1.72 1046.26 618.02 1226.00 767.07 1.53 1.63 4.01 5.22 1.58 14.34 -1.37
528 343 Car -1 -1 2.04 168.77 634.97 498.43 821.66 1.52 1.68 4.58 -4.41 1.73 12.63 1.70
528 344 Car -1 -1 1.95 426.50 604.20 630.97 740.77 1.89 1.93 4.24 -3.30 1.69 18.07 1.77
528 345 Car -1 -1 -1.73 1042.50 618.64 1225.25 769.90 1.53 1.63 4.01 5.13 1.58 14.18 -1.38
529 343 Car -1 -1 2.04 150.08 635.72 487.32 826.50 1.52 1.68 4.58 -4.49 1.73 12.42 1.69
529 344 Car -1 -1 1.95 415.29 604.55 622.90 742.90 1.89 1.93 4.24 -3.42 1.69 17.87 1.76
529 345 Car -1 -1 -1.73 1038.68 619.28 1224.48 772.79 1.53 1.63 4.01 5.03 1.58 14.02 -1.38
530 343 Car -1 -1 2.04 130.61 636.51 475.90 831.53 1.52 1.68 4.58 -4.58 1.73 12.22 1.68
530 344 Car -1 -1 1.95 403.78 604.92 614.67 745.09 1.89 1.93 4.24 -3.54 1.69 17.68 1.75
530 345 Car -1 -1 -1.73 1034.77 619.93 1223.69 775.77 1.53 1.63 4.01 4.94 1.58 13.85 -1.39
531 343 Car -1 -1 2.04 110.30 637.31 464.14 836.76 1.52 1.68 4.58 -4.66 1.72 12.01 1.67
531 344 Car -1 -1 1.95 391.99 605.28 606.28 747.33 1.89 1.93 4.24 -3.66 1.69 17.49 1.75
531 345 Car -1 -1 -1.74 1030.79 620.59 1222.87 778.83 1.53 1.63 4.01 4.85 1.58 13.69 -1.40
532 343 Car -1 -1 2.05 91.12 637.33 454.98 841.26 1.52 1.68 4.58 -4.72 1.71 11.80 1.67
532 344 Car -1 -1 1.96 379.89 605.66 597.73 749.63 1.89 1.93 4.24 -3.78 1.69 17.29 1.74
532 345 Car -1 -1 -1.74 1026.73 621.27 1222.02 781.97 1.53 1.63 4.01 4.75 1.58 13.53 -1.40
533 343 Car -1 -1 2.05 71.05 637.36 445.54 845.95 1.52 1.68 4.58 -4.78 1.70 11.58 1.66
533 344 Car -1 -1 1.96 367.47 606.04 589.01 751.98 1.89 1.93 4.24 -3.90 1.69 17.10 1.74
533 345 Car -1 -1 -1.74 1022.58 621.96 1221.15 785.20 1.53 1.63 4.01 4.66 1.58 13.37 -1.41
534 343 Car -1 -1 2.06 50.02 637.38 435.80 850.87 1.52 1.68 4.58 -4.83 1.68 11.37 1.65
534 344 Car -1 -1 1.96 354.72 606.44 580.11 754.40 1.89 1.93 4.24 -4.02 1.68 16.90 1.73
534 345 Car -1 -1 -1.74 1018.34 622.67 1220.24 788.52 1.53 1.63 4.01 4.57 1.59 13.21 -1.41
535 343 Car -1 -1 2.06 27.95 637.40 425.76 856.02 1.52 1.68 4.58 -4.89 1.67 11.15 1.65
535 344 Car -1 -1 1.96 344.03 606.87 571.88 757.03 1.89 1.93 4.24 -4.11 1.68 16.69 1.72
535 345 Car -1 -1 -1.75 1014.02 623.39 1219.31 791.93 1.53 1.63 4.01 4.47 1.59 13.04 -1.42
536 343 Car -1 -1 2.07 4.78 637.43 415.38 861.43 1.52 1.68 4.58 -4.94 1.65 10.94 1.64
536 344 Car -1 -1 1.96 333.03 607.32 563.46 759.73 1.89 1.93 4.24 -4.20 1.68 16.49 1.71
536 345 Car -1 -1 -1.75 1009.60 624.13 1218.34 795.45 1.53 1.63 4.01 4.38 1.59 12.88 -1.42
537 344 Car -1 -1 1.95 321.70 607.78 554.86 762.51 1.89 1.93 4.24 -4.30 1.68 16.28 1.69
537 345 Car -1 -1 -1.75 1005.09 624.88 1217.35 799.07 1.53 1.63 4.01 4.29 1.59 12.72 -1.43
538 344 Car -1 -1 1.95 310.04 608.25 546.05 765.36 1.89 1.93 4.24 -4.39 1.68 16.07 1.68
538 345 Car -1 -1 -1.76 1000.48 625.66 1216.31 802.80 1.53 1.63 4.01 4.19 1.59 12.56 -1.43
