0 372 Car -1 -1 -1.74 638.86 607.10 965.26 849.62 1.59 2.18 4.15 0.33 1.26 9.78 -1.71
0 381 Car -1 -1 -1.40 540.76 605.14 659.47 684.30 1.50 1.95 4.09 -2.92 1.74 24.10 -1.52
1 372 Car -1 -1 -1.75 637.65 607.22 963.82 849.51 1.59 2.18 4.15 0.32 1.26 9.80 -1.71
1 381 Car -1 -1 -1.40 543.53 604.93 660.33 683.23 1.50 1.95 4.09 -2.90 1.74 24.32 -1.52
2 372 Car -1 -1 -1.75 636.43 607.35 962.39 849.39 1.59 2.18 4.15 0.31 1.26 9.81 -1.71
2 381 Car -1 -1 -1.41 546.25 604.73 661.19 682.19 1.50 1.95 4.09 -2.89 1.75 24.55 -1.52
2 385 Car -1 -1 -1.04 40.93 628.02 344.60 767.72 1.35 1.65 4.18 -6.93 1.64 14.22 -1.49
3 372 Car -1 -1 -1.75 635.22 607.47 960.96 849.28 1.59 2.18 4.15 0.30 1.26 9.82 -1.72
3 381 Car -1 -1 -1.41 548.92 604.53 662.02 681.16 1.50 1.95 4.09 -2.88 1.75 24.78 -1.53
3 385 Car -1 -1 -1.04 54.76 627.59 350.34 764.39 1.35 1.65 4.18 -6.92 1.65 14.46 -1.49
4 372 Car -1 -1 -1.75 634.01 607.59 959.54 849.17 1.59 2.18 4.15 0.29 1.27 9.83 -1.72
4 381 Car -1 -1 -1.42 551.54 604.33 662.85 680.16 1.50 1.95 4.09 -2.87 1.76 25.01 -1.53
4 385 Car -1 -1 -1.05 68.08 627.17 355.91 761.19 1.35 1.65 4.18 -6.92 1.66 14.70 -1.49
5 372 Car -1 -1 -1.75 632.81 607.72 958.11 849.05 1.59 2.18 4.15 0.28 1.27 9.84 -1.72
5 381 Car -1 -1 -1.42 554.10 604.14 663.65 679.18 1.50 1.95 4.09 -2.86 1.76 25.23 -1.53
5 385 Car -1 -1 -1.06 80.89 626.76 361.32 758.11 1.35 1.65 4.18 -6.92 1.66 14.94 -1.49
6 372 Car -1 -1 -1.75 631.60 607.84 956.70 848.94 1.59 2.18 4.15 0.27 1.27 9.85 -1.72
6 381 Car -1 -1 -1.42 556.62 603.94 664.45 678.21 1.50 1.95 4.09 -2.85 1.76 25.46 -1.54
6 385 Car -1 -1 -1.07 93.24 626.37 366.57 755.14 1.35 1.65 4.18 -6.91 1.67 15.18 -1.49
7 372 Car -1 -1 -1.75 630.40 607.96 955.29 848.82 1.59 2.18 4.15 0.26 1.27 9.86 -1.72
7 381 Car -1 -1 -1.43 559.09 603.76 665.23 677.27 1.50 1.95 4.09 -2.84 1.77 25.69 -1.54
7 385 Car -1 -1 -1.07 105.15 625.98 371.68 752.29 1.35 1.65 4.18 -6.91 1.68 15.42 -1.50
8 372 Car -1 -1 -1.75 629.20 608.08 953.88 848.71 1.59 2.18 4.15 0.25 1.27 9.87 -1.72
8 381 Car -1 -1 -1.43 561.52 603.57 666.00 676.34 1.50 1.95 4.09 -2.83 1.77 25.92 -1.54
8 385 Car -1 -1 -1.08 116.65 625.61 376.65 749.53 1.35 1.65 4.18 -6.91 1.69 15.66 -1.50
9 372 Car -1 -1 -1.75 628.00 608.21 952.47 848.59 1.59 2.18 4.15 0.23 1.28 9.88 -1.73
9 381 Car -1 -1 -1.44 564.75 603.44 667.42 675.28 1.50 1.95 4.09 -2.80 1.78 26.21 -1.54
9 385 Car -1 -1 -1.09 127.74 625.24 381.49 746.87 1.35 1.65 4.18 -6.91 1.69 15.91 -1.50
10 372 Car -1 -1 -1.75 626.80 608.33 951.07 848.48 1.59 2.18 4.15 0.22 1.28 9.89 -1.73
10 381 Car -1 -1 -1.44 567.91 603.31 668.82 674.25 1.50 1.95 4.09 -2.78 1.78 26.51 -1.55
10 385 Car -1 -1 -1.10 142.52 624.94 388.35 743.74 1.35 1.65 4.18 -6.89 1.71 16.22 -1.50
11 372 Car -1 -1 -1.75 625.61 608.45 949.68 848.36 1.59 2.18 4.15 0.21 1.28 9.91 -1.73
11 381 Car -1 -1 -1.44 571.00 603.18 670.18 673.24 1.50 1.95 4.09 -2.76 1.79 26.81 -1.55
11 385 Car -1 -1 -1.11 156.67 624.65 394.98 740.75 1.35 1.65 4.18 -6.87 1.72 16.53 -1.50
12 372 Car -1 -1 -1.75 624.42 608.57 948.29 848.25 1.59 2.18 4.15 0.20 1.28 9.92 -1.73
12 381 Car -1 -1 -1.45 574.01 603.05 671.52 672.26 1.50 1.95 4.09 -2.74 1.80 27.10 -1.55
12 385 Car -1 -1 -1.12 170.21 624.36 401.39 737.89 1.35 1.65 4.18 -6.86 1.73 16.85 -1.50
13 372 Car -1 -1 -1.75 623.23 608.70 946.90 848.13 1.59 2.18 4.15 0.19 1.28 9.93 -1.73
13 381 Car -1 -1 -1.45 576.95 602.93 672.83 671.30 1.50 1.95 4.09 -2.71 1.81 27.40 -1.55
13 385 Car -1 -1 -1.12 183.20 624.09 407.58 735.15 1.35 1.65 4.18 -6.84 1.75 17.16 -1.50
14 372 Car -1 -1 -1.75 622.04 608.82 945.51 848.02 1.59 2.18 4.15 0.18 1.28 9.94 -1.73
14 381 Car -1 -1 -1.46 579.83 602.81 674.11 670.36 1.50 1.95 4.09 -2.69 1.81 27.70 -1.55
14 385 Car -1 -1 -1.13 195.65 623.82 413.58 732.52 1.35 1.65 4.18 -6.83 1.76 17.48 -1.51
15 372 Car -1 -1 -1.75 620.85 608.94 944.13 847.91 1.59 2.18 4.15 0.17 1.29 9.95 -1.74
15 381 Car -1 -1 -1.46 582.64 602.69 675.37 669.45 1.50 1.95 4.09 -2.67 1.82 27.99 -1.55
15 385 Car -1 -1 -1.14 207.61 623.57 419.38 730.00 1.35 1.65 4.18 -6.81 1.77 17.79 -1.51
16 372 Car -1 -1 -1.75 619.67 609.06 942.76 847.79 1.59 2.18 4.15 0.16 1.29 9.96 -1.74
16 381 Car -1 -1 -1.46 585.39 602.58 676.60 668.55 1.50 1.95 4.09 -2.65 1.83 28.29 -1.56
16 385 Car -1 -1 -1.15 219.11 623.32 425.00 727.58 1.35 1.65 4.18 -6.80 1.78 18.11 -1.51
17 372 Car -1 -1 -1.75 618.49 609.18 941.38 847.68 1.59 2.18 4.15 0.15 1.29 9.97 -1.74
17 381 Car -1 -1 -1.47 588.07 602.46 677.81 667.68 1.50 1.95 4.09 -2.63 1.84 28.59 -1.56
17 385 Car -1 -1 -1.16 230.16 623.08 430.45 725.25 1.35 1.65 4.18 -6.78 1.80 18.42 -1.51
18 372 Car -1 -1 -1.75 617.31 609.30 940.02 847.57 1.59 2.18 4.15 0.14 1.29 9.98 -1.74
18 381 Car -1 -1 -1.47 590.70 602.35 678.99 666.83 1.50 1.95 4.09 -2.60 1.84 28.88 -1.56
18 385 Car -1 -1 -1.16 240.80 622.84 435.73 723.01 1.35 1.65 4.18 -6.76 1.81 18.74 -1.51
19 372 Car -1 -1 -1.75 616.13 609.42 938.65 847.45 1.59 2.18 4.15 0.12 1.29 9.99 -1.74
19 381 Car -1 -1 -1.47 593.27 602.24 680.16 665.99 1.50 1.95 4.09 -2.58 1.85 29.18 -1.56
19 385 Car -1 -1 -1.17 251.05 622.62 440.85 720.85 1.35 1.65 4.18 -6.75 1.82 19.05 -1.51
20 372 Car -1 -1 -1.76 614.95 609.54 937.29 847.34 1.59 2.18 4.15 0.11 1.29 10.00 -1.74
20 381 Car -1 -1 -1.48 595.78 602.14 681.30 665.17 1.50 1.95 4.09 -2.56 1.86 29.48 -1.56
20 385 Car -1 -1 -1.18 260.93 622.39 445.82 718.77 1.35 1.65 4.18 -6.73 1.83 19.37 -1.51
21 372 Car -1 -1 -1.75 614.13 609.60 935.02 846.46 1.59 2.18 4.15 0.10 1.30 10.04 -1.74
21 381 Car -1 -1 -1.48 598.24 602.03 682.41 664.37 1.50 1.95 4.09 -2.54 1.87 29.77 -1.56
21 385 Car -1 -1 -1.19 270.46 622.18 450.65 716.77 1.35 1.65 4.18 -6.72 1.85 19.68 -1.51
22 372 Car -1 -1 -1.75 613.32 609.66 932.76 845.60 1.59 2.18 4.15 0.09 1.30 10.07 -1.74
22 381 Car -1 -1 -1.48 600.65 601.93 683.51 663.59 1.50 1.95 4.09 -2.52 1.87 30.07 -1.57
22 385 Car -1 -1 -1.19 279.65 621.97 455.34 714.84 1.35 1.65 4.18 -6.70 1.86 20.00 -1.52
23 372 Car -1 -1 -1.75 612.51 609.71 930.53 844.74 1.59 2.18 4.15 0.08 1.30 10.10 -1.75
23 381 Car -1 -1 -1.49 603.01 601.83 684.59 662.82 1.50 1.95 4.09 -2.49 1.88 30.37 -1.57
23 385 Car -1 -1 -1.20 287.33 621.36 459.27 712.70 1.35 1.65 4.18 -6.69 1.86 20.27 -1.52
24 372 Car -1 -1 -1.75 611.70 609.77 928.31 843.88 1.59 2.18 4.15 0.07 1.30 10.13 -1.75
24 381 Car -1 -1 -1.49 605.33 601.73 685.65 662.07 1.50 1.95 4.09 -2.47 1.89 30.66 -1.57
24 385 Car -1 -1 -1.20 294.78 620.77 463.10 710.63 1.35 1.65 4.18 -6.67 1.86 20.53 -1.52
25 372 Car -1 -1 -1.75 610.90 609.83 926.11 843.04 1.59 2.18 4.15 0.05 1.30 10.16 -1.75
25 381 Car -1 -1 -1.49 607.59 601.63 686.69 661.33 1.50 1.95 4.09 -2.45 1.90 30.96 -1.57
25 385 Car -1 -1 -1.21 302.02 620.19 466.85 708.61 1.35 1.65 4.18 -6.66 1.87 20.80 -1.52
26 372 Car -1 -1 -1.75 610.11 609.88 923.92 842.20 1.59 2.18 4.15 0.04 1.31 10.20 -1.75
26 381 Car -1 -1 -1.50 609.81 601.53 687.71 660.61 1.50 1.95 4.09 -2.43 1.90 31.26 -1.57
26 385 Car -1 -1 -1.22 309.06 619.62 470.51 706.66 1.35 1.65 4.18 -6.64 1.87 21.07 -1.52
27 372 Car -1 -1 -1.75 609.31 609.94 921.75 841.36 1.59 2.18 4.15 0.03 1.31 10.23 -1.75
27 381 Car -1 -1 -1.50 611.98 601.44 688.71 659.91 1.50 1.95 4.09 -2.41 1.91 31.56 -1.57
27 385 Car -1 -1 -1.22 315.91 619.06 474.08 704.76 1.35 1.65 4.18 -6.63 1.87 21.34 -1.52
28 372 Car -1 -1 -1.75 608.52 609.99 919.60 840.54 1.59 2.18 4.15 0.02 1.31 10.26 -1.75
28 381 Car -1 -1 -1.50 614.11 601.35 689.69 659.22 1.50 1.95 4.09 -2.38 1.92 31.85 -1.58
28 385 Car -1 -1 -1.23 322.57 618.52 477.57 702.91 1.35 1.65 4.18 -6.62 1.87 21.61 -1.52
29 372 Car -1 -1 -1.75 607.74 610.05 917.47 839.71 1.59 2.18 4.15 0.01 1.31 10.29 -1.75
29 385 Car -1 -1 -1.23 329.04 617.99 480.98 701.11 1.35 1.65 4.18 -6.60 1.87 21.88 -1.53
30 372 Car -1 -1 -1.75 606.96 610.10 915.35 838.90 1.59 2.18 4.15 -0.01 1.31 10.32 -1.75
30 385 Car -1 -1 -1.24 335.35 617.47 484.32 699.36 1.35 1.65 4.18 -6.59 1.87 22.15 -1.53
31 372 Car -1 -1 -1.75 606.18 610.16 913.24 838.09 1.59 2.18 4.15 -0.02 1.32 10.35 -1.75
31 385 Car -1 -1 -1.24 341.49 616.97 487.58 697.65 1.35 1.65 4.18 -6.57 1.88 22.42 -1.53
32 372 Car -1 -1 -1.75 605.41 610.21 911.16 837.29 1.59 2.18 4.15 -0.03 1.32 10.39 -1.75
32 385 Car -1 -1 -1.25 347.47 616.47 490.77 696.00 1.35 1.65 4.18 -6.56 1.88 22.68 -1.53
33 372 Car -1 -1 -1.74 604.64 610.26 909.09 836.50 1.59 2.18 4.15 -0.04 1.32 10.42 -1.75
33 385 Car -1 -1 -1.25 353.30 615.98 493.89 694.38 1.35 1.65 4.18 -6.54 1.88 22.95 -1.53
34 372 Car -1 -1 -1.74 603.88 610.32 907.03 835.71 1.59 2.18 4.15 -0.05 1.32 10.45 -1.75
34 385 Car -1 -1 -1.26 358.98 615.51 496.95 692.80 1.35 1.65 4.18 -6.53 1.88 23.22 -1.53
35 372 Car -1 -1 -1.74 603.11 610.37 904.99 834.92 1.59 2.18 4.15 -0.07 1.32 10.48 -1.75
35 385 Car -1 -1 -1.26 364.52 615.04 499.94 691.27 1.35 1.65 4.18 -6.51 1.88 23.49 -1.53
36 372 Car -1 -1 -1.74 602.36 610.42 902.96 834.15 1.59 2.18 4.15 -0.08 1.33 10.51 -1.75
36 385 Car -1 -1 -1.27 369.92 614.59 502.87 689.77 1.35 1.65 4.18 -6.50 1.88 23.76 -1.54
37 372 Car -1 -1 -1.74 601.60 610.48 900.95 833.38 1.59 2.18 4.15 -0.09 1.33 10.55 -1.75
37 385 Car -1 -1 -1.27 375.19 614.14 505.74 688.31 1.35 1.65 4.18 -6.49 1.89 24.03 -1.54
38 372 Car -1 -1 -1.74 600.86 610.53 898.96 832.61 1.59 2.18 4.15 -0.10 1.33 10.58 -1.75
38 385 Car -1 -1 -1.28 380.33 613.70 508.55 686.89 1.35 1.65 4.18 -6.47 1.89 24.30 -1.54
39 372 Car -1 -1 -1.74 600.11 610.58 896.98 831.85 1.59 2.18 4.15 -0.11 1.33 10.61 -1.75
39 385 Car -1 -1 -1.28 385.35 613.27 511.30 685.50 1.35 1.65 4.18 -6.46 1.89 24.57 -1.54
40 372 Car -1 -1 -1.74 599.37 610.63 895.01 831.10 1.59 2.18 4.15 -0.12 1.33 10.64 -1.75
40 385 Car -1 -1 -1.29 390.26 612.85 513.99 684.14 1.35 1.65 4.18 -6.44 1.89 24.83 -1.54
41 372 Car -1 -1 -1.74 598.43 610.68 892.72 830.30 1.59 2.18 4.15 -0.14 1.34 10.67 -1.75
41 385 Car -1 -1 -1.29 395.05 612.44 516.64 682.82 1.35 1.65 4.18 -6.43 1.89 25.10 -1.54
42 372 Car -1 -1 -1.74 597.50 610.72 890.46 829.50 1.59 2.18 4.15 -0.15 1.34 10.71 -1.75
42 385 Car -1 -1 -1.29 400.50 612.19 520.06 681.54 1.35 1.65 4.18 -6.41 1.90 25.43 -1.54
43 372 Car -1 -1 -1.74 596.57 610.77 888.20 828.71 1.59 2.18 4.15 -0.17 1.34 10.74 -1.75
43 385 Car -1 -1 -1.30 405.80 611.95 523.41 680.30 1.35 1.65 4.18 -6.39 1.91 25.76 -1.54
44 372 Car -1 -1 -1.74 595.65 610.81 885.97 827.93 1.59 2.18 4.15 -0.18 1.34 10.77 -1.75
44 385 Car -1 -1 -1.30 410.95 611.72 526.68 679.10 1.35 1.65 4.18 -6.37 1.92 26.08 -1.54
45 372 Car -1 -1 -1.73 594.74 610.86 883.75 827.16 1.59 2.18 4.15 -0.20 1.34 10.81 -1.75
45 385 Car -1 -1 -1.30 415.97 611.49 529.87 677.92 1.35 1.65 4.18 -6.35 1.93 26.41 -1.53
46 372 Car -1 -1 -1.73 593.82 610.90 881.55 826.39 1.59 2.18 4.15 -0.21 1.35 10.84 -1.75
46 385 Car -1 -1 -1.30 420.85 611.26 533.00 676.78 1.35 1.65 4.18 -6.34 1.94 26.74 -1.53
47 372 Car -1 -1 -1.73 592.92 610.94 879.36 825.62 1.59 2.18 4.15 -0.23 1.35 10.88 -1.75
47 385 Car -1 -1 -1.30 425.60 611.04 536.05 675.67 1.35 1.65 4.18 -6.32 1.94 27.06 -1.53
48 372 Car -1 -1 -1.73 592.02 610.99 877.20 824.86 1.59 2.18 4.15 -0.24 1.35 10.91 -1.75
48 385 Car -1 -1 -1.30 430.23 610.83 539.03 674.58 1.35 1.65 4.18 -6.30 1.95 27.39 -1.53
49 372 Car -1 -1 -1.73 591.12 611.03 875.04 824.11 1.59 2.18 4.15 -0.26 1.35 10.94 -1.75
49 385 Car -1 -1 -1.31 434.75 610.62 541.95 673.53 1.35 1.65 4.18 -6.28 1.96 27.72 -1.53
50 372 Car -1 -1 -1.73 590.22 611.07 872.91 823.36 1.59 2.18 4.15 -0.27 1.35 10.98 -1.75
50 385 Car -1 -1 -1.31 439.15 610.41 544.81 672.50 1.35 1.65 4.18 -6.26 1.97 28.04 -1.53
51 372 Car -1 -1 -1.73 589.34 611.12 870.79 822.62 1.59 2.18 4.15 -0.28 1.36 11.01 -1.76
51 385 Car -1 -1 -1.31 443.43 610.21 547.61 671.49 1.35 1.65 4.18 -6.24 1.98 28.37 -1.52
52 372 Car -1 -1 -1.73 588.45 611.16 868.68 821.89 1.59 2.18 4.15 -0.30 1.36 11.04 -1.76
52 385 Car -1 -1 -1.31 447.62 610.01 550.34 670.51 1.35 1.65 4.18 -6.23 1.99 28.70 -1.52
53 372 Car -1 -1 -1.73 587.57 611.20 866.59 821.16 1.59 2.18 4.15 -0.31 1.36 11.08 -1.76
53 385 Car -1 -1 -1.31 451.70 609.82 553.02 669.56 1.35 1.65 4.18 -6.21 1.99 29.03 -1.52
54 372 Car -1 -1 -1.73 586.70 611.24 864.52 820.43 1.59 2.18 4.15 -0.33 1.36 11.11 -1.76
54 385 Car -1 -1 -1.31 455.68 609.63 555.64 668.62 1.35 1.65 4.18 -6.19 2.00 29.35 -1.52
55 372 Car -1 -1 -1.73 585.83 611.28 862.46 819.71 1.59 2.18 4.15 -0.34 1.36 11.14 -1.76
55 385 Car -1 -1 -1.31 459.57 609.44 558.21 667.71 1.35 1.65 4.18 -6.17 2.01 29.68 -1.52
56 372 Car -1 -1 -1.73 584.96 611.33 860.42 819.00 1.59 2.18 4.15 -0.36 1.37 11.18 -1.76
56 385 Car -1 -1 -1.31 463.37 609.26 560.73 666.82 1.35 1.65 4.18 -6.15 2.02 30.01 -1.52
57 372 Car -1 -1 -1.72 584.10 611.37 858.39 818.29 1.59 2.18 4.15 -0.37 1.37 11.21 -1.76
57 385 Car -1 -1 -1.31 467.08 609.08 563.19 665.95 1.35 1.65 4.18 -6.13 2.03 30.33 -1.51
58 372 Car -1 -1 -1.72 583.24 611.41 856.37 817.59 1.59 2.18 4.15 -0.39 1.37 11.24 -1.76
58 385 Car -1 -1 -1.32 470.70 608.91 565.61 665.10 1.35 1.65 4.18 -6.12 2.04 30.66 -1.51
59 372 Car -1 -1 -1.72 582.39 611.45 854.37 816.89 1.59 2.18 4.15 -0.40 1.37 11.28 -1.76
59 385 Car -1 -1 -1.32 474.25 608.74 567.98 664.27 1.35 1.65 4.18 -6.10 2.04 30.99 -1.51
60 372 Car -1 -1 -1.72 581.54 611.49 852.38 816.19 1.59 2.18 4.15 -0.41 1.37 11.31 -1.76
60 385 Car -1 -1 -1.32 477.71 608.57 570.30 663.46 1.35 1.65 4.18 -6.08 2.05 31.31 -1.51
61 372 Car -1 -1 -1.72 581.58 611.46 849.65 814.78 1.59 2.18 4.15 -0.43 1.38 11.37 -1.76
61 385 Car -1 -1 -1.32 481.10 608.41 572.58 662.67 1.35 1.65 4.18 -6.06 2.06 31.64 -1.51
62 372 Car -1 -1 -1.71 581.62 611.42 846.94 813.38 1.59 2.18 4.15 -0.44 1.38 11.43 -1.75
62 385 Car -1 -1 -1.32 483.66 608.31 574.08 662.08 1.35 1.65 4.18 -6.05 2.07 31.90 -1.51
62 385 Car -1 -1 -1.32 484.41 608.25 574.81 661.89 1.35 1.65 4.18 -6.04 2.07 31.97 -1.51
63 372 Car -1 -1 -1.71 581.66 611.39 844.26 812.01 1.59 2.18 4.15 -0.45 1.38 11.49 -1.75
63 385 Car -1 -1 -1.32 486.18 608.21 575.56 661.50 1.35 1.65 4.18 -6.04 2.08 32.16 -1.51
64 372 Car -1 -1 -1.71 581.70 611.35 841.61 810.65 1.59 2.18 4.15 -0.47 1.38 11.54 -1.75
64 385 Car -1 -1 -1.32 488.65 608.11 577.01 660.93 1.35 1.65 4.18 -6.03 2.08 32.42 -1.51
65 372 Car -1 -1 -1.70 581.74 611.32 838.99 809.30 1.59 2.18 4.15 -0.48 1.38 11.60 -1.74
65 385 Car -1 -1 -1.33 491.09 608.02 578.45 660.38 1.35 1.65 4.18 -6.02 2.09 32.68 -1.51
66 372 Car -1 -1 -1.70 581.78 611.29 836.40 807.98 1.59 2.18 4.15 -0.50 1.39 11.66 -1.74
66 385 Car -1 -1 -1.33 493.48 607.93 579.86 659.83 1.35 1.65 4.18 -6.01 2.10 32.94 -1.51
67 372 Car -1 -1 -1.70 581.82 611.25 833.83 806.67 1.59 2.18 4.15 -0.51 1.39 11.72 -1.74
67 385 Car -1 -1 -1.33 495.84 607.83 581.25 659.29 1.35 1.65 4.18 -6.00 2.11 33.20 -1.51
68 372 Car -1 -1 -1.69 581.86 611.22 831.30 805.38 1.59 2.18 4.15 -0.52 1.39 11.78 -1.74
68 385 Car -1 -1 -1.33 498.15 607.74 582.62 658.76 1.35 1.65 4.18 -5.99 2.11 33.46 -1.51
69 372 Car -1 -1 -1.69 581.90 611.19 828.79 804.10 1.59 2.18 4.15 -0.54 1.39 11.84 -1.73
69 385 Car -1 -1 -1.34 500.77 607.62 584.19 658.14 1.35 1.65 4.18 -5.98 2.12 33.75 -1.51
70 372 Car -1 -1 -1.69 581.94 611.16 826.30 802.84 1.59 2.18 4.15 -0.55 1.40 11.90 -1.73
70 385 Car -1 -1 -1.34 503.35 607.50 585.74 657.54 1.35 1.65 4.18 -5.97 2.13 34.05 -1.51
71 372 Car -1 -1 -1.68 581.98 611.13 823.84 801.59 1.59 2.18 4.15 -0.56 1.40 11.96 -1.73
71 385 Car -1 -1 -1.34 505.87 607.39 587.26 656.94 1.35 1.65 4.18 -5.96 2.14 34.35 -1.51
72 372 Car -1 -1 -1.68 582.02 611.10 821.41 800.36 1.59 2.18 4.15 -0.58 1.40 12.01 -1.73
72 385 Car -1 -1 -1.34 508.35 607.27 588.75 656.36 1.35 1.65 4.18 -5.95 2.15 34.64 -1.51
73 372 Car -1 -1 -1.67 582.07 611.06 819.00 799.14 1.59 2.18 4.15 -0.59 1.40 12.07 -1.72
73 385 Car -1 -1 -1.34 510.79 607.16 590.22 655.79 1.35 1.65 4.18 -5.94 2.15 34.94 -1.51
74 372 Car -1 -1 -1.67 582.11 611.03 816.62 797.94 1.59 2.18 4.15 -0.60 1.41 12.13 -1.72
74 385 Car -1 -1 -1.35 513.18 607.04 591.67 655.22 1.35 1.65 4.18 -5.93 2.16 35.24 -1.51
75 372 Car -1 -1 -1.67 582.15 611.00 814.26 796.75 1.59 2.18 4.15 -0.62 1.41 12.19 -1.72
75 385 Car -1 -1 -1.35 515.53 606.93 593.09 654.67 1.35 1.65 4.18 -5.91 2.17 35.53 -1.51
76 372 Car -1 -1 -1.66 582.19 610.97 811.92 795.58 1.59 2.18 4.15 -0.63 1.41 12.25 -1.72
76 385 Car -1 -1 -1.35 517.84 606.83 594.50 654.13 1.35 1.65 4.18 -5.90 2.18 35.83 -1.51
77 372 Car -1 -1 -1.66 582.24 610.94 809.61 794.42 1.59 2.18 4.15 -0.64 1.41 12.31 -1.71
77 385 Car -1 -1 -1.35 520.11 606.72 595.88 653.60 1.35 1.65 4.18 -5.89 2.19 36.12 -1.52
78 372 Car -1 -1 -1.66 581.26 610.92 807.32 793.27 1.59 2.18 4.15 -0.66 1.41 12.37 -1.71
78 385 Car -1 -1 -1.36 522.34 606.61 597.24 653.07 1.35 1.65 4.18 -5.88 2.19 36.42 -1.52
79 372 Car -1 -1 -1.65 580.14 610.89 805.05 792.14 1.59 2.18 4.15 -0.67 1.42 12.43 -1.71
79 385 Car -1 -1 -1.36 524.53 606.51 598.58 652.56 1.35 1.65 4.18 -5.87 2.20 36.72 -1.52
80 372 Car -1 -1 -1.65 579.04 610.86 802.81 791.02 1.59 2.18 4.15 -0.68 1.42 12.48 -1.70
80 385 Car -1 -1 -1.36 526.68 606.41 599.89 652.05 1.35 1.65 4.18 -5.86 2.21 37.01 -1.52
81 372 Car -1 -1 -1.65 578.01 610.78 800.13 789.49 1.59 2.18 4.15 -0.70 1.42 12.56 -1.70
81 385 Car -1 -1 -1.36 528.80 606.31 601.19 651.55 1.35 1.65 4.18 -5.85 2.22 37.31 -1.52
82 372 Car -1 -1 -1.65 577.00 610.69 797.48 787.99 1.59 2.18 4.15 -0.72 1.42 12.65 -1.70
83 372 Car -1 -1 -1.64 576.00 610.61 794.88 786.50 1.59 2.18 4.15 -0.75 1.43 12.73 -1.70
84 372 Car -1 -1 -1.64 575.02 610.53 792.31 785.04 1.59 2.18 4.15 -0.77 1.43 12.81 -1.70
85 372 Car -1 -1 -1.64 574.05 610.45 789.79 783.60 1.59 2.18 4.15 -0.79 1.43 12.89 -1.70
86 372 Car -1 -1 -1.64 573.10 610.38 787.29 782.19 1.59 2.18 4.15 -0.81 1.43 12.97 -1.70
87 372 Car -1 -1 -1.64 572.16 610.30 784.84 780.79 1.59 2.18 4.15 -0.83 1.44 13.05 -1.70
88 372 Car -1 -1 -1.64 571.24 610.22 782.42 779.42 1.59 2.18 4.15 -0.85 1.44 13.13 -1.70
89 372 Car -1 -1 -1.63 570.32 610.15 780.03 778.06 1.59 2.18 4.15 -0.87 1.44 13.21 -1.70
90 372 Car -1 -1 -1.63 569.43 610.07 777.68 776.73 1.59 2.18 4.15 -0.89 1.44 13.29 -1.70
91 372 Car -1 -1 -1.63 568.54 610.00 775.36 775.42 1.59 2.18 4.15 -0.91 1.45 13.37 -1.70
92 372 Car -1 -1 -1.63 567.67 609.92 773.07 774.12 1.59 2.18 4.15 -0.93 1.45 13.45 -1.70
93 372 Car -1 -1 -1.63 566.81 609.85 770.81 772.84 1.59 2.18 4.15 -0.95 1.45 13.53 -1.70
94 372 Car -1 -1 -1.63 565.96 609.78 768.59 771.58 1.59 2.18 4.15 -0.97 1.45 13.62 -1.70
95 372 Car -1 -1 -1.62 565.13 609.71 766.39 770.34 1.59 2.18 4.15 -0.99 1.46 13.70 -1.70
96 372 Car -1 -1 -1.62 564.31 609.64 764.23 769.12 1.59 2.18 4.15 -1.01 1.46 13.78 -1.70
97 372 Car -1 -1 -1.62 563.50 609.57 762.09 767.91 1.59 2.18 4.15 -1.03 1.46 13.86 -1.70
98 372 Car -1 -1 -1.62 562.69 609.50 759.98 766.72 1.59 2.18 4.15 -1.06 1.46 13.94 -1.70
98 386 Car -1 -1 1.20 1033.82 619.43 1435.85 831.20 1.58 2.03 4.53 4.64 1.41 10.82 1.60
99 372 Car -1 -1 -1.62 561.91 609.43 757.90 765.55 1.59 2.18 4.15 -1.08 1.46 14.02 -1.69
99 386 Car -1 -1 1.22 1024.18 618.50 1396.34 817.48 1.58 2.03 4.53 4.66 1.42 11.34 1.60
100 372 Car -1 -1 -1.62 561.13 609.37 755.85 764.39 1.59 2.18 4.15 -1.10 1.47 14.10 -1.69
100 386 Car -1 -1 1.23 1015.25 617.63 1361.14 805.31 1.58 2.03 4.53 4.67 1.44 11.87 1.61
101 372 Car -1 -1 -1.62 560.59 609.26 753.78 763.00 1.59 2.18 4.15 -1.12 1.47 14.20 -1.69
101 386 Car -1 -1 1.25 1006.97 616.82 1329.59 794.43 1.58 2.03 4.53 4.69 1.46 12.39 1.61
102 372 Car -1 -1 -1.62 560.06 609.16 751.73 761.63 1.59 2.18 4.15 -1.14 1.47 14.30 -1.69
102 386 Car -1 -1 1.27 999.26 616.07 1301.14 784.61 1.58 2.03 4.53 4.71 1.47 12.92 1.62
103 372 Car -1 -1 -1.61 559.54 609.07 749.72 760.29 1.59 2.18 4.15 -1.16 1.48 14.39 -1.70
103 386 Car -1 -1 1.28 992.07 615.37 1275.36 775.72 1.58 2.03 4.53 4.72 1.49 13.44 1.62
104 372 Car -1 -1 -1.61 559.02 608.97 747.74 758.96 1.59 2.18 4.15 -1.19 1.48 14.49 -1.70
104 386 Car -1 -1 1.29 985.35 614.72 1251.89 767.63 1.58 2.03 4.53 4.74 1.50 13.97 1.62
105 372 Car -1 -1 -1.61 558.52 608.87 745.80 757.66 1.59 2.18 4.15 -1.21 1.48 14.59 -1.70
105 386 Car -1 -1 1.31 979.05 614.10 1230.43 760.23 1.58 2.03 4.53 4.76 1.52 14.49 1.63
106 372 Car -1 -1 -1.61 558.02 608.78 743.88 756.38 1.59 2.18 4.15 -1.23 1.48 14.68 -1.70
106 386 Car -1 -1 1.32 972.73 613.05 1212.17 753.21 1.58 2.03 4.53 4.76 1.52 14.97 1.63
107 372 Car -1 -1 -1.61 557.53 608.68 741.99 755.11 1.59 2.18 4.15 -1.25 1.49 14.78 -1.70
107 386 Car -1 -1 1.33 966.75 612.05 1195.24 746.71 1.58 2.03 4.53 4.77 1.53 15.46 1.63
108 372 Car -1 -1 -1.61 557.05 608.59 740.13 753.87 1.59 2.18 4.15 -1.28 1.49 14.88 -1.70
108 386 Car -1 -1 1.33 961.08 611.11 1179.52 740.67 1.58 2.03 4.53 4.78 1.53 15.94 1.63
109 372 Car -1 -1 -1.61 556.57 608.50 738.30 752.65 1.59 2.18 4.15 -1.30 1.49 14.98 -1.70
109 386 Car -1 -1 1.34 955.71 610.21 1164.88 735.05 1.58 2.03 4.53 4.79 1.54 16.42 1.63
110 372 Car -1 -1 -1.61 556.11 608.41 736.49 751.44 1.59 2.18 4.15 -1.32 1.49 15.07 -1.70
110 386 Car -1 -1 1.35 950.61 609.37 1151.21 729.83 1.58 2.03 4.53 4.80 1.54 16.90 1.63
111 372 Car -1 -1 -1.61 555.64 608.32 734.71 750.25 1.59 2.18 4.15 -1.34 1.50 15.17 -1.70
111 386 Car -1 -1 1.36 945.76 608.56 1138.41 724.95 1.58 2.03 4.53 4.80 1.55 17.39 1.63
112 372 Car -1 -1 -1.61 555.19 608.23 732.96 749.08 1.59 2.18 4.15 -1.37 1.50 15.27 -1.70
112 386 Car -1 -1 1.36 941.14 607.79 1126.41 720.37 1.58 2.03 4.53 4.81 1.56 17.87 1.63
113 372 Car -1 -1 -1.61 554.74 608.14 731.23 747.93 1.59 2.18 4.15 -1.39 1.50 15.37 -1.70
113 386 Car -1 -1 1.37 936.73 607.06 1115.14 716.07 1.58 2.03 4.53 4.82 1.56 18.35 1.63
114 372 Car -1 -1 -1.61 554.30 608.05 729.53 746.79 1.59 2.18 4.15 -1.41 1.50 15.46 -1.70
114 386 Car -1 -1 1.37 932.53 606.36 1104.52 712.01 1.58 2.03 4.53 4.83 1.57 18.83 1.63
115 372 Car -1 -1 -1.61 553.87 607.97 727.85 745.67 1.59 2.18 4.15 -1.44 1.51 15.56 -1.70
115 386 Car -1 -1 1.38 928.51 605.69 1094.51 708.19 1.58 2.03 4.53 4.84 1.57 19.32 1.63
116 372 Car -1 -1 -1.61 553.44 607.88 726.20 744.57 1.59 2.18 4.15 -1.46 1.51 15.66 -1.70
116 386 Car -1 -1 1.39 924.67 605.05 1085.05 704.57 1.58 2.03 4.53 4.85 1.58 19.80 1.63
117 372 Car -1 -1 -1.61 553.02 607.80 724.57 743.48 1.59 2.18 4.15 -1.48 1.51 15.76 -1.70
117 386 Car -1 -1 1.39 920.99 604.44 1076.10 701.15 1.58 2.03 4.53 4.85 1.58 20.28 1.63
118 372 Car -1 -1 -1.61 552.60 607.72 722.96 742.41 1.59 2.18 4.15 -1.50 1.51 15.85 -1.70
118 386 Car -1 -1 1.40 917.47 603.86 1067.62 697.91 1.58 2.03 4.53 4.86 1.59 20.77 1.63
119 372 Car -1 -1 -1.61 552.19 607.63 721.37 741.35 1.59 2.18 4.15 -1.53 1.52 15.95 -1.70
119 386 Car -1 -1 1.40 914.09 603.30 1059.57 694.83 1.58 2.03 4.53 4.87 1.59 21.25 1.63
120 372 Car -1 -1 -1.61 551.79 607.55 719.81 740.31 1.59 2.18 4.15 -1.55 1.52 16.05 -1.70
120 386 Car -1 -1 1.40 910.84 602.76 1051.92 691.90 1.58 2.03 4.53 4.88 1.60 21.73 1.63
121 372 Car -1 -1 -1.60 551.56 607.42 718.12 738.95 1.59 2.18 4.15 -1.57 1.52 16.17 -1.70
121 386 Car -1 -1 1.41 907.73 602.24 1044.64 689.11 1.58 2.03 4.53 4.89 1.61 22.21 1.63
122 372 Car -1 -1 -1.60 551.33 607.30 716.46 737.62 1.59 2.18 4.15 -1.59 1.52 16.30 -1.70
122 386 Car -1 -1 1.41 904.73 601.74 1037.71 686.46 1.58 2.03 4.53 4.89 1.61 22.70 1.63
123 372 Car -1 -1 -1.60 551.10 607.17 714.83 736.31 1.59 2.18 4.15 -1.62 1.53 16.42 -1.70
123 386 Car -1 -1 1.42 901.85 601.27 1031.10 683.93 1.58 2.03 4.53 4.90 1.62 23.18 1.63
124 372 Car -1 -1 -1.60 550.88 607.05 713.22 735.03 1.59 2.18 4.15 -1.64 1.53 16.55 -1.70
124 386 Car -1 -1 1.42 899.07 600.81 1024.79 681.51 1.58 2.03 4.53 4.91 1.62 23.66 1.63
125 372 Car -1 -1 -1.60 550.67 606.92 711.65 733.76 1.59 2.18 4.15 -1.66 1.53 16.67 -1.70
125 386 Car -1 -1 1.43 896.12 600.35 1018.03 678.93 1.58 2.03 4.53 4.92 1.63 24.21 1.63
126 372 Car -1 -1 -1.60 550.45 606.80 710.10 732.52 1.59 2.18 4.15 -1.69 1.54 16.79 -1.70
126 386 Car -1 -1 1.43 893.29 599.91 1011.61 676.48 1.58 2.03 4.53 4.94 1.64 24.77 1.63
127 372 Car -1 -1 -1.60 550.24 606.68 708.57 731.30 1.59 2.18 4.15 -1.71 1.54 16.92 -1.70
127 386 Car -1 -1 1.43 890.58 599.49 1005.50 674.14 1.58 2.03 4.53 4.95 1.65 25.32 1.63
128 372 Car -1 -1 -1.60 550.04 606.57 707.07 730.10 1.59 2.18 4.15 -1.73 1.54 17.04 -1.70
128 386 Car -1 -1 1.44 887.97 599.08 999.67 671.91 1.58 2.03 4.53 4.96 1.65 25.87 1.63
129 372 Car -1 -1 -1.59 549.84 606.45 705.60 728.92 1.59 2.18 4.15 -1.76 1.54 17.17 -1.70
129 386 Car -1 -1 1.44 885.46 598.69 994.11 669.79 1.58 2.03 4.53 4.97 1.66 26.43 1.63
130 372 Car -1 -1 -1.59 549.64 606.33 704.14 727.76 1.59 2.18 4.15 -1.78 1.55 17.29 -1.70
130 386 Car -1 -1 1.44 883.05 598.32 988.80 667.76 1.58 2.03 4.53 4.98 1.67 26.98 1.63
131 372 Car -1 -1 -1.59 549.44 606.22 702.71 726.62 1.59 2.18 4.15 -1.80 1.55 17.42 -1.70
131 386 Car -1 -1 1.45 880.72 597.96 983.72 665.82 1.58 2.03 4.53 5.00 1.68 27.53 1.63
132 372 Car -1 -1 -1.59 549.25 606.11 701.31 725.50 1.59 2.18 4.15 -1.83 1.55 17.54 -1.70
132 386 Car -1 -1 1.45 878.48 597.61 978.86 663.96 1.58 2.03 4.53 5.01 1.68 28.08 1.63
133 372 Car -1 -1 -1.59 549.06 606.00 699.92 724.39 1.59 2.18 4.15 -1.85 1.56 17.66 -1.69
133 386 Car -1 -1 1.45 876.32 597.27 974.21 662.18 1.58 2.03 4.53 5.02 1.69 28.64 1.63
134 372 Car -1 -1 -1.59 548.87 605.89 698.56 723.30 1.59 2.18 4.15 -1.87 1.56 17.79 -1.69
134 386 Car -1 -1 1.45 874.24 596.95 969.75 660.47 1.58 2.03 4.53 5.03 1.70 29.19 1.63
135 372 Car -1 -1 -1.59 548.69 605.78 697.22 722.23 1.59 2.18 4.15 -1.90 1.56 17.91 -1.69
135 386 Car -1 -1 1.46 872.22 596.64 965.46 658.83 1.58 2.03 4.53 5.04 1.71 29.74 1.63
136 372 Car -1 -1 -1.59 548.51 605.68 695.90 721.18 1.59 2.18 4.15 -1.92 1.57 18.04 -1.69
136 386 Car -1 -1 1.46 870.28 596.34 961.35 657.26 1.58 2.03 4.53 5.06 1.71 30.29 1.63
137 372 Car -1 -1 -1.59 548.33 605.57 694.60 720.15 1.59 2.18 4.15 -1.94 1.57 18.16 -1.69
137 386 Car -1 -1 1.46 868.40 596.05 957.40 655.74 1.58 2.03 4.53 5.07 1.72 30.85 1.63
138 372 Car -1 -1 -1.58 548.16 605.47 693.32 719.13 1.59 2.18 4.15 -1.97 1.57 18.29 -1.69
138 386 Car -1 -1 1.47 866.58 595.76 953.59 654.29 1.58 2.03 4.53 5.08 1.73 31.40 1.63
139 372 Car -1 -1 -1.58 547.98 605.37 692.05 718.12 1.59 2.18 4.15 -1.99 1.57 18.41 -1.69
139 386 Car -1 -1 1.47 864.82 595.49 949.93 652.89 1.58 2.03 4.53 5.09 1.74 31.95 1.63
140 372 Car -1 -1 -1.58 547.82 605.27 690.81 717.13 1.59 2.18 4.15 -2.01 1.58 18.54 -1.69
140 386 Car -1 -1 1.47 863.12 595.23 946.40 651.54 1.58 2.03 4.53 5.10 1.74 32.51 1.63
141 372 Car -1 -1 -1.58 548.53 604.93 690.25 715.70 1.59 2.18 4.15 -2.03 1.58 18.68 -1.69
141 386 Car -1 -1 1.47 861.47 594.97 943.00 650.23 1.58 2.03 4.53 5.12 1.75 33.06 1.63
142 372 Car -1 -1 -1.58 549.24 604.60 689.70 714.29 1.59 2.18 4.15 -2.04 1.57 18.83 -1.69
142 386 Car -1 -1 1.47 859.87 594.70 939.72 648.98 1.58 2.03 4.53 5.13 1.76 33.61 1.63
143 372 Car -1 -1 -1.58 549.93 604.27 689.16 712.91 1.59 2.18 4.15 -2.05 1.57 18.98 -1.69
143 386 Car -1 -1 1.48 858.31 594.42 936.56 647.76 1.58 2.03 4.53 5.14 1.77 34.16 1.63
144 372 Car -1 -1 -1.58 550.61 603.95 688.63 711.55 1.59 2.18 4.15 -2.07 1.57 19.13 -1.69
144 386 Car -1 -1 1.48 856.81 594.16 933.50 646.59 1.58 2.03 4.53 5.15 1.78 34.72 1.63
145 372 Car -1 -1 -1.58 551.27 603.63 688.11 710.22 1.59 2.18 4.15 -2.08 1.57 19.28 -1.69
146 372 Car -1 -1 -1.58 551.93 603.32 687.59 708.91 1.59 2.18 4.15 -2.10 1.57 19.43 -1.69
147 372 Car -1 -1 -1.58 552.57 603.01 687.09 707.62 1.59 2.18 4.15 -2.11 1.57 19.58 -1.69
148 372 Car -1 -1 -1.58 553.21 602.70 686.59 706.35 1.59 2.18 4.15 -2.12 1.57 19.72 -1.69
149 372 Car -1 -1 -1.58 553.83 602.40 686.10 705.11 1.59 2.18 4.15 -2.14 1.57 19.87 -1.69
150 372 Car -1 -1 -1.58 554.44 602.11 685.62 703.88 1.59 2.18 4.15 -2.15 1.57 20.02 -1.69
151 372 Car -1 -1 -1.58 555.05 601.81 685.15 702.68 1.59 2.18 4.15 -2.16 1.57 20.17 -1.69
152 372 Car -1 -1 -1.58 555.64 601.52 684.68 701.50 1.59 2.18 4.15 -2.18 1.57 20.32 -1.68
153 372 Car -1 -1 -1.58 556.22 601.24 684.23 700.33 1.59 2.18 4.15 -2.19 1.57 20.47 -1.68
154 372 Car -1 -1 -1.58 556.79 600.96 683.78 699.19 1.59 2.18 4.15 -2.21 1.57 20.61 -1.68
155 372 Car -1 -1 -1.58 557.36 600.68 683.33 698.06 1.59 2.18 4.15 -2.22 1.56 20.76 -1.68
156 372 Car -1 -1 -1.58 557.91 600.41 682.90 696.95 1.59 2.18 4.15 -2.23 1.56 20.91 -1.68
157 372 Car -1 -1 -1.58 558.46 600.14 682.47 695.86 1.59 2.18 4.15 -2.25 1.56 21.06 -1.68
158 372 Car -1 -1 -1.58 559.00 599.87 682.04 694.78 1.59 2.18 4.15 -2.26 1.56 21.21 -1.68
159 372 Car -1 -1 -1.58 559.53 599.61 681.63 693.72 1.59 2.18 4.15 -2.28 1.56 21.36 -1.68
160 372 Car -1 -1 -1.57 560.05 599.35 681.22 692.68 1.59 2.18 4.15 -2.29 1.56 21.51 -1.68
161 372 Car -1 -1 -1.57 560.94 599.37 680.98 691.81 1.59 2.18 4.15 -2.29 1.57 21.69 -1.68
162 372 Car -1 -1 -1.57 561.81 599.39 680.74 690.95 1.59 2.18 4.15 -2.30 1.57 21.87 -1.67
163 372 Car -1 -1 -1.56 562.67 599.42 680.51 690.11 1.59 2.18 4.15 -2.30 1.58 22.05 -1.67
164 372 Car -1 -1 -1.56 563.52 599.44 680.28 689.29 1.59 2.18 4.15 -2.31 1.59 22.24 -1.66
165 372 Car -1 -1 -1.56 564.34 599.46 680.06 688.49 1.59 2.18 4.15 -2.31 1.59 22.42 -1.66
166 372 Car -1 -1 -1.55 565.16 599.49 679.83 687.76 1.59 2.18 4.15 -2.31 1.60 22.60 -1.65
167 372 Car -1 -1 -1.55 565.96 599.51 679.61 687.04 1.59 2.18 4.15 -2.32 1.61 22.79 -1.65
168 372 Car -1 -1 -1.54 566.75 599.53 679.39 686.33 1.59 2.18 4.15 -2.32 1.61 22.97 -1.64
169 372 Car -1 -1 -1.54 567.53 599.55 679.18 685.63 1.59 2.18 4.15 -2.33 1.62 23.15 -1.64
169 387 Car -1 -1 -1.16 14.13 613.29 514.74 928.62 1.67 1.81 4.62 -3.26 1.32 8.61 -1.52
170 372 Car -1 -1 -1.54 568.29 599.57 678.96 684.94 1.59 2.18 4.15 -2.33 1.63 23.33 -1.64
170 387 Car -1 -1 -1.17 29.38 612.85 517.73 921.38 1.67 1.81 4.62 -3.25 1.32 8.74 -1.52
171 372 Car -1 -1 -1.53 569.04 599.59 678.75 684.27 1.59 2.18 4.15 -2.34 1.63 23.52 -1.63
171 387 Car -1 -1 -1.17 44.03 612.42 520.65 914.42 1.67 1.81 4.62 -3.25 1.32 8.87 -1.52
172 372 Car -1 -1 -1.53 569.78 599.61 678.54 683.60 1.59 2.18 4.15 -2.34 1.64 23.70 -1.63
172 387 Car -1 -1 -1.18 58.10 612.00 523.51 907.74 1.67 1.81 4.62 -3.24 1.32 9.00 -1.52
173 372 Car -1 -1 -1.52 570.51 599.63 678.60 682.95 1.59 2.18 4.15 -2.35 1.65 23.88 -1.62
173 387 Car -1 -1 -1.18 71.64 611.59 526.29 901.32 1.67 1.81 4.62 -3.24 1.33 9.13 -1.52
174 372 Car -1 -1 -1.52 571.23 599.65 679.19 682.30 1.59 2.18 4.15 -2.35 1.65 24.07 -1.62
174 387 Car -1 -1 -1.19 84.67 611.19 529.02 895.14 1.67 1.81 4.62 -3.24 1.33 9.26 -1.52
175 372 Car -1 -1 -1.52 571.94 599.67 679.78 681.67 1.59 2.18 4.15 -2.35 1.66 24.25 -1.61
175 387 Car -1 -1 -1.19 97.22 610.79 531.68 889.19 1.67 1.81 4.62 -3.23 1.33 9.39 -1.52
176 372 Car -1 -1 -1.51 572.63 599.69 680.35 681.05 1.59 2.18 4.15 -2.36 1.67 24.43 -1.61
176 387 Car -1 -1 -1.20 109.31 610.41 534.29 883.47 1.67 1.81 4.62 -3.23 1.33 9.53 -1.52
177 372 Car -1 -1 -1.51 573.32 599.71 680.92 680.43 1.59 2.18 4.15 -2.36 1.67 24.62 -1.60
177 387 Car -1 -1 -1.20 123.37 610.21 537.27 877.14 1.67 1.81 4.62 -3.22 1.33 9.69 -1.52
178 372 Car -1 -1 -1.50 573.99 599.73 681.48 679.83 1.59 2.18 4.15 -2.37 1.68 24.80 -1.60
178 387 Car -1 -1 -1.21 136.83 610.02 540.18 871.08 1.67 1.81 4.62 -3.22 1.34 9.85 -1.52
179 372 Car -1 -1 -1.50 574.66 599.75 682.04 679.23 1.59 2.18 4.15 -2.37 1.69 24.98 -1.59
179 387 Car -1 -1 -1.21 149.72 609.84 543.01 865.29 1.67 1.81 4.62 -3.22 1.34 10.01 -1.52
180 372 Car -1 -1 -1.50 575.32 599.77 682.58 678.64 1.59 2.18 4.15 -2.38 1.69 25.16 -1.59
180 387 Car -1 -1 -1.22 162.09 609.66 545.76 859.73 1.67 1.81 4.62 -3.21 1.35 10.17 -1.52
181 372 Car -1 -1 -1.49 575.96 599.79 683.12 678.07 1.59 2.18 4.15 -2.38 1.70 25.35 -1.59
181 387 Car -1 -1 -1.22 173.97 609.48 548.45 854.39 1.67 1.81 4.62 -3.21 1.35 10.33 -1.52
182 372 Car -1 -1 -1.49 576.60 599.81 683.64 677.50 1.59 2.18 4.15 -2.38 1.71 25.53 -1.58
182 387 Car -1 -1 -1.23 185.38 609.31 551.07 849.27 1.67 1.81 4.62 -3.21 1.36 10.49 -1.52
183 372 Car -1 -1 -1.48 577.23 599.83 684.17 676.94 1.59 2.18 4.15 -2.39 1.71 25.71 -1.58
183 387 Car -1 -1 -1.23 196.35 609.14 553.62 844.34 1.67 1.81 4.62 -3.21 1.36 10.65 -1.52
184 372 Car -1 -1 -1.48 577.85 599.84 684.68 676.38 1.59 2.18 4.15 -2.39 1.72 25.90 -1.57
184 387 Car -1 -1 -1.24 206.91 608.98 556.11 839.61 1.67 1.81 4.62 -3.20 1.37 10.81 -1.52
185 372 Car -1 -1 -1.48 578.46 599.86 685.18 675.84 1.59 2.18 4.15 -2.40 1.73 26.08 -1.57
185 387 Car -1 -1 -1.24 217.07 608.82 558.54 835.05 1.67 1.81 4.62 -3.20 1.37 10.98 -1.52
186 372 Car -1 -1 -1.47 579.07 599.88 685.68 675.30 1.59 2.18 4.15 -2.40 1.73 26.26 -1.56
186 387 Car -1 -1 -1.25 226.87 608.66 560.91 830.65 1.67 1.81 4.62 -3.20 1.38 11.14 -1.52
187 372 Car -1 -1 -1.47 580.62 599.89 686.43 674.70 1.59 2.18 4.15 -2.39 1.74 26.46 -1.56
187 387 Car -1 -1 -1.25 236.31 608.51 563.22 826.42 1.67 1.81 4.62 -3.19 1.38 11.30 -1.52
188 372 Car -1 -1 -1.47 582.16 599.90 687.16 674.11 1.59 2.18 4.15 -2.38 1.75 26.66 -1.56
188 387 Car -1 -1 -1.25 245.43 608.36 565.48 822.34 1.67 1.81 4.62 -3.19 1.39 11.46 -1.52
189 372 Car -1 -1 -1.47 583.66 599.91 687.89 673.53 1.59 2.18 4.15 -2.38 1.75 26.86 -1.56
189 387 Car -1 -1 -1.26 254.23 608.21 567.69 818.39 1.67 1.81 4.62 -3.19 1.39 11.62 -1.52
190 372 Car -1 -1 -1.47 585.15 599.92 688.60 672.96 1.59 2.18 4.15 -2.37 1.76 27.05 -1.56
190 387 Car -1 -1 -1.26 262.73 608.07 569.85 814.59 1.67 1.81 4.62 -3.18 1.40 11.78 -1.52
191 372 Car -1 -1 -1.47 586.61 599.93 689.31 672.40 1.59 2.18 4.15 -2.36 1.77 27.25 -1.56
191 387 Car -1 -1 -1.26 270.95 607.93 571.96 810.91 1.67 1.81 4.62 -3.18 1.40 11.94 -1.52
192 372 Car -1 -1 -1.47 588.04 599.94 690.00 671.85 1.59 2.18 4.15 -2.35 1.77 27.45 -1.56
192 387 Car -1 -1 -1.27 278.90 607.80 574.02 807.35 1.67 1.81 4.62 -3.18 1.41 12.10 -1.52
193 372 Car -1 -1 -1.47 589.46 599.94 690.69 671.31 1.59 2.18 4.15 -2.34 1.78 27.65 -1.56
193 387 Car -1 -1 -1.27 286.59 607.67 576.03 803.91 1.67 1.81 4.62 -3.17 1.41 12.27 -1.52
194 372 Car -1 -1 -1.47 590.85 599.95 691.36 670.77 1.59 2.18 4.15 -2.33 1.79 27.85 -1.55
194 387 Car -1 -1 -1.28 294.04 607.54 578.00 800.58 1.67 1.81 4.62 -3.17 1.42 12.43 -1.52
195 372 Car -1 -1 -1.47 592.22 599.96 692.03 670.24 1.59 2.18 4.15 -2.32 1.79 28.05 -1.55
195 387 Car -1 -1 -1.28 301.25 607.41 579.93 797.35 1.67 1.81 4.62 -3.17 1.42 12.59 -1.52
196 372 Car -1 -1 -1.47 593.57 599.97 692.69 669.73 1.59 2.18 4.15 -2.31 1.80 28.24 -1.55
196 387 Car -1 -1 -1.28 308.25 607.29 581.82 794.22 1.67 1.81 4.62 -3.16 1.43 12.75 -1.52
197 372 Car -1 -1 -1.47 594.90 599.98 693.34 669.21 1.59 2.18 4.15 -2.31 1.81 28.44 -1.55
197 387 Car -1 -1 -1.29 316.66 607.06 584.20 790.67 1.67 1.81 4.62 -3.15 1.43 12.93 -1.53
198 372 Car -1 -1 -1.47 596.21 599.99 693.99 668.71 1.59 2.18 4.15 -2.30 1.82 28.64 -1.55
198 387 Car -1 -1 -1.29 324.79 606.83 586.53 787.23 1.67 1.81 4.62 -3.14 1.43 13.11 -1.53
199 372 Car -1 -1 -1.47 597.51 600.00 694.62 668.21 1.59 2.18 4.15 -2.29 1.82 28.84 -1.55
199 387 Car -1 -1 -1.30 332.66 606.61 588.80 783.91 1.67 1.81 4.62 -3.13 1.44 13.29 -1.53
200 372 Car -1 -1 -1.47 598.78 600.00 695.25 667.72 1.59 2.18 4.15 -2.28 1.83 29.04 -1.55
200 387 Car -1 -1 -1.30 340.27 606.40 591.02 780.69 1.67 1.81 4.62 -3.12 1.44 13.48 -1.53
201 372 Car -1 -1 -1.47 600.03 600.01 695.86 667.24 1.59 2.18 4.15 -2.27 1.84 29.23 -1.55
201 387 Car -1 -1 -1.31 347.64 606.19 593.19 777.59 1.67 1.81 4.62 -3.11 1.45 13.66 -1.53
202 372 Car -1 -1 -1.47 601.27 600.02 696.47 666.77 1.59 2.18 4.15 -2.26 1.84 29.43 -1.55
202 387 Car -1 -1 -1.31 354.78 605.99 595.31 774.58 1.67 1.81 4.62 -3.10 1.45 13.84 -1.53
203 372 Car -1 -1 -1.47 602.48 600.03 697.08 666.30 1.59 2.18 4.15 -2.25 1.85 29.63 -1.54
203 387 Car -1 -1 -1.31 361.71 605.79 597.38 771.66 1.67 1.81 4.62 -3.09 1.45 14.02 -1.53
204 372 Car -1 -1 -1.47 603.68 600.04 697.67 665.84 1.59 2.18 4.15 -2.24 1.86 29.83 -1.54
204 387 Car -1 -1 -1.32 368.42 605.59 599.40 768.83 1.67 1.81 4.62 -3.08 1.46 14.20 -1.53
205 372 Car -1 -1 -1.47 604.87 600.04 698.26 665.38 1.59 2.18 4.15 -2.23 1.86 30.03 -1.54
205 387 Car -1 -1 -1.32 374.93 605.40 601.38 766.09 1.67 1.81 4.62 -3.07 1.46 14.38 -1.53
206 372 Car -1 -1 -1.47 606.03 600.05 698.84 664.93 1.59 2.18 4.15 -2.23 1.87 30.22 -1.54
206 387 Car -1 -1 -1.33 381.24 605.21 603.32 763.43 1.67 1.81 4.62 -3.06 1.47 14.57 -1.53
207 372 Car -1 -1 -1.47 608.59 600.00 700.53 664.34 1.59 2.18 4.15 -2.18 1.88 30.46 -1.54
207 387 Car -1 -1 -1.33 387.38 605.03 605.22 760.85 1.67 1.81 4.62 -3.05 1.47 14.75 -1.53
208 372 Car -1 -1 -1.47 611.10 599.96 702.20 663.75 1.59 2.18 4.15 -2.14 1.88 30.70 -1.54
208 387 Car -1 -1 -1.33 393.34 604.85 607.07 758.35 1.67 1.81 4.62 -3.04 1.47 14.93 -1.54
209 372 Car -1 -1 -1.47 613.57 599.91 703.84 663.18 1.59 2.18 4.15 -2.10 1.89 30.94 -1.54
209 387 Car -1 -1 -1.34 399.13 604.67 608.89 755.91 1.67 1.81 4.62 -3.03 1.48 15.11 -1.54
210 372 Car -1 -1 -1.47 616.00 599.87 705.46 662.61 1.59 2.18 4.15 -2.06 1.90 31.17 -1.54
210 387 Car -1 -1 -1.34 404.76 604.50 610.67 753.55 1.67 1.81 4.62 -3.02 1.48 15.29 -1.54
211 372 Car -1 -1 -1.47 618.39 599.83 707.05 662.06 1.59 2.18 4.15 -2.02 1.90 31.41 -1.54
211 387 Car -1 -1 -1.35 410.24 604.33 612.41 751.24 1.67 1.81 4.62 -3.01 1.49 15.48 -1.54
212 372 Car -1 -1 -1.47 620.74 599.78 708.62 661.51 1.59 2.18 4.15 -1.98 1.91 31.65 -1.54
212 387 Car -1 -1 -1.35 415.57 604.17 614.12 749.01 1.67 1.81 4.62 -3.01 1.49 15.66 -1.54
213 372 Car -1 -1 -1.47 623.06 599.74 710.18 660.97 1.59 2.18 4.15 -1.94 1.92 31.89 -1.53
213 387 Car -1 -1 -1.35 420.75 604.01 615.79 746.83 1.67 1.81 4.62 -3.00 1.49 15.84 -1.54
214 372 Car -1 -1 -1.47 625.34 599.70 711.70 660.44 1.59 2.18 4.15 -1.89 1.92 32.12 -1.53
214 387 Car -1 -1 -1.36 425.80 603.85 617.43 744.71 1.67 1.81 4.62 -2.99 1.50 16.02 -1.54
215 372 Car -1 -1 -1.47 627.58 599.66 713.21 659.92 1.59 2.18 4.15 -1.85 1.93 32.36 -1.53
215 387 Car -1 -1 -1.36 430.72 603.69 619.04 742.65 1.67 1.81 4.62 -2.98 1.50 16.20 -1.54
216 372 Car -1 -1 -1.48 629.79 599.62 714.70 659.41 1.59 2.18 4.15 -1.81 1.94 32.60 -1.53
216 387 Car -1 -1 -1.36 435.51 603.54 620.61 740.64 1.67 1.81 4.62 -2.97 1.51 16.38 -1.54
217 372 Car -1 -1 -1.48 631.96 599.58 716.17 658.90 1.59 2.18 4.15 -1.77 1.94 32.84 -1.53
217 387 Car -1 -1 -1.36 440.46 603.21 622.90 738.38 1.67 1.81 4.62 -2.95 1.51 16.57 -1.54
218 372 Car -1 -1 -1.48 634.10 599.54 717.62 658.40 1.59 2.18 4.15 -1.73 1.95 33.07 -1.53
218 387 Car -1 -1 -1.37 445.27 602.89 625.14 736.18 1.67 1.81 4.62 -2.93 1.51 16.77 -1.54
219 372 Car -1 -1 -1.48 636.21 599.50 719.04 657.91 1.59 2.18 4.15 -1.69 1.96 33.31 -1.53
219 387 Car -1 -1 -1.37 449.96 602.58 627.34 734.04 1.67 1.81 4.62 -2.92 1.51 16.96 -1.54
220 372 Car -1 -1 -1.48 638.28 599.46 720.45 657.43 1.59 2.18 4.15 -1.65 1.96 33.55 -1.53
220 387 Car -1 -1 -1.37 454.52 602.27 629.50 731.95 1.67 1.81 4.62 -2.90 1.51 17.15 -1.54
221 372 Car -1 -1 -1.48 640.33 599.42 721.84 656.95 1.59 2.18 4.15 -1.60 1.97 33.79 -1.53
221 387 Car -1 -1 -1.37 458.97 601.96 631.61 729.92 1.67 1.81 4.62 -2.88 1.51 17.34 -1.53
222 372 Car -1 -1 -1.48 642.34 599.38 723.22 656.48 1.59 2.18 4.15 -1.56 1.98 34.02 -1.52
222 387 Car -1 -1 -1.37 463.31 601.67 633.68 727.94 1.67 1.81 4.62 -2.87 1.51 17.53 -1.53
223 372 Car -1 -1 -1.48 644.32 599.35 724.57 656.02 1.59 2.18 4.15 -1.52 1.98 34.26 -1.52
223 387 Car -1 -1 -1.37 467.54 601.38 635.72 726.00 1.67 1.81 4.62 -2.85 1.51 17.72 -1.53
224 372 Car -1 -1 -1.48 646.28 599.31 725.91 655.57 1.59 2.18 4.15 -1.48 1.99 34.50 -1.52
224 387 Car -1 -1 -1.37 471.67 601.09 637.71 724.11 1.67 1.81 4.62 -2.83 1.52 17.91 -1.53
225 372 Car -1 -1 -1.48 648.20 599.27 727.23 655.12 1.59 2.18 4.15 -1.44 2.00 34.74 -1.52
225 387 Car -1 -1 -1.37 475.69 600.81 639.67 722.27 1.67 1.81 4.62 -2.82 1.52 18.10 -1.53
226 387 Car -1 -1 -1.37 479.62 600.53 641.59 720.47 1.67 1.81 4.62 -2.80 1.52 18.29 -1.52
227 387 Car -1 -1 -1.37 483.46 600.26 643.48 718.71 1.67 1.81 4.62 -2.79 1.52 18.48 -1.52
228 387 Car -1 -1 -1.37 487.21 600.00 645.33 717.00 1.67 1.81 4.62 -2.77 1.52 18.67 -1.52
229 387 Car -1 -1 -1.37 490.87 599.74 647.15 715.32 1.67 1.81 4.62 -2.75 1.52 18.86 -1.52
230 387 Car -1 -1 -1.38 494.45 599.48 648.93 713.68 1.67 1.81 4.62 -2.74 1.52 19.05 -1.52
230 388 Car -1 -1 -1.03 17.84 613.86 368.46 792.28 1.66 1.77 4.52 -6.42 1.54 13.37 -1.48
231 387 Car -1 -1 -1.38 497.94 599.23 650.69 712.08 1.67 1.81 4.62 -2.72 1.52 19.24 -1.52
231 388 Car -1 -1 -1.04 39.57 613.26 377.31 786.51 1.66 1.77 4.52 -6.40 1.55 13.68 -1.48
232 387 Car -1 -1 -1.38 501.36 598.98 652.41 710.51 1.67 1.81 4.62 -2.70 1.53 19.43 -1.51
232 388 Car -1 -1 -1.05 60.16 612.68 385.81 781.06 1.66 1.77 4.52 -6.37 1.56 14.00 -1.48
233 387 Car -1 -1 -1.38 504.70 598.74 654.11 708.98 1.67 1.81 4.62 -2.69 1.53 19.62 -1.51
233 388 Car -1 -1 -1.06 79.69 612.13 394.00 775.89 1.66 1.77 4.52 -6.35 1.56 14.31 -1.48
234 387 Car -1 -1 -1.38 507.97 598.50 655.77 707.48 1.67 1.81 4.62 -2.67 1.53 19.81 -1.51
234 388 Car -1 -1 -1.07 98.23 611.60 401.87 770.98 1.66 1.77 4.52 -6.32 1.57 14.62 -1.48
235 387 Car -1 -1 -1.38 511.17 598.27 657.41 706.01 1.67 1.81 4.62 -2.66 1.53 20.00 -1.51
235 388 Car -1 -1 -1.08 115.86 611.09 409.46 766.32 1.66 1.77 4.52 -6.30 1.57 14.94 -1.48
236 387 Car -1 -1 -1.38 514.30 598.04 659.02 704.57 1.67 1.81 4.62 -2.64 1.53 20.20 -1.51
236 388 Car -1 -1 -1.09 132.65 610.59 416.78 761.88 1.66 1.77 4.52 -6.27 1.58 15.25 -1.48
237 387 Car -1 -1 -1.38 517.81 598.02 660.71 703.28 1.67 1.81 4.62 -2.62 1.54 20.41 -1.51
237 388 Car -1 -1 -1.10 148.65 610.12 423.84 757.66 1.66 1.77 4.52 -6.25 1.58 15.56 -1.48
238 387 Car -1 -1 -1.38 521.23 598.01 662.36 702.02 1.67 1.81 4.62 -2.60 1.54 20.63 -1.50
238 388 Car -1 -1 -1.11 163.92 609.66 430.65 753.63 1.66 1.77 4.52 -6.23 1.59 15.87 -1.48
239 387 Car -1 -1 -1.38 524.57 597.99 663.99 700.79 1.67 1.81 4.62 -2.59 1.55 20.84 -1.50
239 388 Car -1 -1 -1.11 178.51 609.21 437.23 749.78 1.66 1.77 4.52 -6.20 1.60 16.19 -1.48
240 387 Car -1 -1 -1.38 527.83 597.98 665.58 699.59 1.67 1.81 4.62 -2.57 1.56 21.06 -1.50
240 388 Car -1 -1 -1.12 192.47 608.78 443.59 746.10 1.66 1.77 4.52 -6.18 1.60 16.50 -1.48
241 387 Car -1 -1 -1.38 531.02 597.96 667.15 698.41 1.67 1.81 4.62 -2.55 1.56 21.27 -1.50
241 388 Car -1 -1 -1.13 205.82 608.36 449.74 742.58 1.66 1.77 4.52 -6.15 1.61 16.81 -1.48
242 387 Car -1 -1 -1.38 534.14 597.95 668.69 697.27 1.67 1.81 4.62 -2.53 1.57 21.49 -1.50
242 388 Car -1 -1 -1.14 218.62 607.96 455.70 739.21 1.66 1.77 4.52 -6.13 1.61 17.13 -1.48
243 387 Car -1 -1 -1.38 537.19 597.93 670.20 696.14 1.67 1.81 4.62 -2.51 1.58 21.71 -1.50
243 388 Car -1 -1 -1.14 230.65 607.47 461.32 735.88 1.66 1.77 4.52 -6.11 1.62 17.43 -1.48
244 387 Car -1 -1 -1.38 540.17 597.92 671.68 695.05 1.67 1.81 4.62 -2.50 1.58 21.92 -1.50
244 388 Car -1 -1 -1.15 242.20 606.99 466.77 732.69 1.66 1.77 4.52 -6.08 1.62 17.74 -1.48
245 387 Car -1 -1 -1.38 543.09 597.91 673.14 693.97 1.67 1.81 4.62 -2.48 1.59 22.14 -1.50
245 388 Car -1 -1 -1.16 253.30 606.53 472.06 729.62 1.66 1.77 4.52 -6.06 1.62 18.05 -1.48
246 387 Car -1 -1 -1.38 545.94 597.89 674.57 692.92 1.67 1.81 4.62 -2.46 1.60 22.35 -1.49
246 388 Car -1 -1 -1.16 263.98 606.08 477.19 726.67 1.66 1.77 4.52 -6.04 1.63 18.36 -1.48
247 387 Car -1 -1 -1.39 548.74 597.88 675.97 691.89 1.67 1.81 4.62 -2.44 1.60 22.57 -1.49
247 388 Car -1 -1 -1.17 274.26 605.65 482.16 723.83 1.66 1.77 4.52 -6.01 1.63 18.67 -1.48
248 387 Car -1 -1 -1.39 551.47 597.87 677.36 690.88 1.67 1.81 4.62 -2.43 1.61 22.79 -1.49
248 388 Car -1 -1 -1.17 284.17 605.23 486.99 721.10 1.66 1.77 4.52 -5.99 1.63 18.98 -1.48
249 387 Car -1 -1 -1.39 554.15 597.85 678.72 689.90 1.67 1.81 4.62 -2.41 1.62 23.00 -1.49
249 388 Car -1 -1 -1.18 293.71 604.81 491.68 718.47 1.66 1.77 4.52 -5.97 1.64 19.28 -1.48
250 387 Car -1 -1 -1.39 556.77 597.84 680.05 688.93 1.67 1.81 4.62 -2.39 1.62 23.22 -1.49
250 388 Car -1 -1 -1.19 302.92 604.42 496.24 715.93 1.66 1.77 4.52 -5.95 1.64 19.59 -1.48
251 387 Car -1 -1 -1.39 559.34 597.83 681.36 687.98 1.67 1.81 4.62 -2.37 1.63 23.43 -1.49
251 388 Car -1 -1 -1.19 311.81 604.03 500.67 713.48 1.66 1.77 4.52 -5.92 1.64 19.90 -1.48
252 387 Car -1 -1 -1.39 561.85 597.82 682.66 687.06 1.67 1.81 4.62 -2.35 1.63 23.65 -1.49
252 388 Car -1 -1 -1.20 320.39 603.65 504.98 711.11 1.66 1.77 4.52 -5.90 1.65 20.21 -1.48
253 387 Car -1 -1 -1.39 564.32 597.80 683.93 686.15 1.67 1.81 4.62 -2.34 1.64 23.86 -1.49
253 389 Car -1 -1 -1.16 15.06 649.64 530.41 977.06 1.44 1.74 4.44 -2.95 1.53 8.03 -1.51
253 388 Car -1 -1 -1.20 328.68 603.28 509.17 708.83 1.66 1.77 4.52 -5.88 1.65 20.52 -1.48
254 387 Car -1 -1 -1.39 566.73 597.79 685.18 685.26 1.67 1.81 4.62 -2.32 1.65 24.08 -1.48
254 389 Car -1 -1 -1.17 42.41 647.70 536.29 962.32 1.44 1.74 4.44 -2.93 1.52 8.24 -1.51
254 388 Car -1 -1 -1.21 336.70 602.93 513.25 706.62 1.66 1.77 4.52 -5.85 1.65 20.83 -1.48
255 387 Car -1 -1 -1.39 569.10 597.78 686.40 684.38 1.67 1.81 4.62 -2.30 1.65 24.30 -1.48
255 389 Car -1 -1 -1.18 67.96 645.84 541.95 948.56 1.44 1.74 4.44 -2.91 1.52 8.44 -1.51
255 388 Car -1 -1 -1.21 345.93 602.50 518.53 704.01 1.66 1.77 4.52 -5.82 1.66 21.21 -1.48
256 387 Car -1 -1 -1.39 571.42 597.77 687.61 683.53 1.67 1.81 4.62 -2.28 1.66 24.51 -1.48
256 389 Car -1 -1 -1.19 91.87 644.05 547.39 935.70 1.44 1.74 4.44 -2.90 1.52 8.65 -1.51
256 388 Car -1 -1 -1.21 354.80 602.09 523.65 701.51 1.66 1.77 4.52 -5.79 1.66 21.59 -1.47
257 387 Car -1 -1 -1.39 574.71 597.47 689.40 682.24 1.67 1.81 4.62 -2.25 1.66 24.75 -1.48
257 389 Car -1 -1 -1.20 114.30 642.33 552.62 923.64 1.44 1.74 4.44 -2.88 1.52 8.86 -1.51
257 388 Car -1 -1 -1.21 363.33 601.69 528.60 699.11 1.66 1.77 4.52 -5.76 1.67 21.96 -1.47
258 387 Car -1 -1 -1.39 577.92 597.17 691.15 680.99 1.67 1.81 4.62 -2.22 1.66 24.99 -1.48
258 389 Car -1 -1 -1.21 135.38 640.67 557.67 912.32 1.44 1.74 4.44 -2.86 1.51 9.07 -1.51
258 388 Car -1 -1 -1.21 371.53 601.31 533.41 696.79 1.66 1.77 4.52 -5.73 1.67 22.34 -1.47
259 387 Car -1 -1 -1.39 581.07 596.88 692.87 679.76 1.67 1.81 4.62 -2.18 1.66 25.23 -1.48
259 389 Car -1 -1 -1.21 155.23 639.07 562.53 901.66 1.44 1.74 4.44 -2.85 1.51 9.27 -1.51
259 388 Car -1 -1 -1.22 379.43 600.93 538.06 694.56 1.66 1.77 4.52 -5.70 1.68 22.72 -1.46
260 387 Car -1 -1 -1.40 584.16 596.60 694.56 678.56 1.67 1.81 4.62 -2.15 1.66 25.47 -1.48
260 389 Car -1 -1 -1.22 173.95 637.52 567.22 891.62 1.44 1.74 4.44 -2.83 1.51 9.48 -1.51
260 388 Car -1 -1 -1.22 387.04 600.57 542.58 692.42 1.66 1.77 4.52 -5.67 1.68 23.10 -1.46
261 387 Car -1 -1 -1.40 587.17 596.32 696.22 677.38 1.67 1.81 4.62 -2.11 1.66 25.71 -1.48
261 389 Car -1 -1 -1.23 191.64 636.03 571.74 882.13 1.44 1.74 4.44 -2.81 1.51 9.69 -1.51
261 388 Car -1 -1 -1.22 394.38 600.22 546.96 690.34 1.66 1.77 4.52 -5.64 1.69 23.48 -1.45
262 387 Car -1 -1 -1.40 590.13 596.04 697.86 676.22 1.67 1.81 4.62 -2.08 1.66 25.95 -1.48
262 389 Car -1 -1 -1.23 208.38 634.59 576.12 873.16 1.44 1.74 4.44 -2.80 1.50 9.89 -1.51
262 388 Car -1 -1 -1.22 401.48 599.92 550.96 688.58 1.66 1.77 4.52 -5.61 1.69 23.82 -1.45
263 387 Car -1 -1 -1.40 593.03 595.77 699.46 675.09 1.67 1.81 4.62 -2.05 1.66 26.19 -1.48
263 389 Car -1 -1 -1.24 224.24 633.20 580.34 864.67 1.44 1.74 4.44 -2.78 1.50 10.10 -1.51
263 388 Car -1 -1 -1.23 408.36 599.63 554.86 686.86 1.66 1.77 4.52 -5.57 1.69 24.15 -1.45
264 387 Car -1 -1 -1.40 595.88 595.51 701.04 673.98 1.67 1.81 4.62 -2.01 1.66 26.43 -1.48
264 389 Car -1 -1 -1.25 239.29 631.85 584.43 856.61 1.44 1.74 4.44 -2.76 1.50 10.31 -1.51
264 388 Car -1 -1 -1.23 415.03 599.34 558.65 685.20 1.66 1.77 4.52 -5.53 1.70 24.48 -1.45
265 387 Car -1 -1 -1.40 598.66 595.24 702.60 672.89 1.67 1.81 4.62 -1.98 1.66 26.67 -1.48
265 389 Car -1 -1 -1.25 253.60 630.55 588.38 848.95 1.44 1.74 4.44 -2.74 1.50 10.51 -1.51
265 388 Car -1 -1 -1.24 421.51 599.07 562.35 683.59 1.66 1.77 4.52 -5.49 1.70 24.82 -1.45
266 387 Car -1 -1 -1.40 601.39 594.99 704.13 671.83 1.67 1.81 4.62 -1.95 1.66 26.91 -1.48
266 389 Car -1 -1 -1.26 267.21 629.29 592.20 841.67 1.44 1.74 4.44 -2.73 1.49 10.72 -1.51
266 388 Car -1 -1 -1.24 427.80 598.80 565.97 682.02 1.66 1.77 4.52 -5.45 1.71 25.15 -1.45
267 387 Car -1 -1 -1.41 604.07 594.73 705.63 670.78 1.67 1.81 4.62 -1.91 1.66 27.15 -1.48
267 389 Car -1 -1 -1.26 280.18 628.07 595.91 834.73 1.44 1.74 4.44 -2.71 1.49 10.93 -1.51
267 388 Car -1 -1 -1.24 433.91 598.53 569.49 680.50 1.66 1.77 4.52 -5.42 1.71 25.49 -1.45
268 387 Car -1 -1 -1.41 606.70 594.48 707.11 669.76 1.67 1.81 4.62 -1.88 1.66 27.39 -1.48
268 389 Car -1 -1 -1.27 292.55 626.88 599.50 828.12 1.44 1.74 4.44 -2.69 1.49 11.13 -1.51
268 388 Car -1 -1 -1.25 439.85 598.28 572.93 679.02 1.66 1.77 4.52 -5.38 1.71 25.82 -1.45
269 387 Car -1 -1 -1.41 609.28 594.24 708.56 668.75 1.67 1.81 4.62 -1.85 1.66 27.63 -1.48
269 389 Car -1 -1 -1.27 304.35 625.73 602.98 821.81 1.44 1.74 4.44 -2.68 1.49 11.34 -1.51
269 388 Car -1 -1 -1.25 445.62 598.02 576.29 677.59 1.66 1.77 4.52 -5.34 1.72 26.16 -1.45
270 387 Car -1 -1 -1.41 611.81 594.00 709.99 667.76 1.67 1.81 4.62 -1.81 1.66 27.87 -1.48
270 389 Car -1 -1 -1.28 320.43 624.81 609.12 814.85 1.44 1.74 4.44 -2.64 1.49 11.61 -1.50
270 388 Car -1 -1 -1.25 451.23 597.78 579.57 676.19 1.66 1.77 4.52 -5.30 1.72 26.49 -1.45
271 387 Car -1 -1 -1.41 614.29 593.76 711.40 666.79 1.67 1.81 4.62 -1.78 1.66 28.11 -1.47
271 389 Car -1 -1 -1.28 335.61 623.91 615.03 808.28 1.44 1.74 4.44 -2.60 1.49 11.88 -1.50
271 388 Car -1 -1 -1.26 456.69 597.54 582.78 674.84 1.66 1.77 4.52 -5.26 1.72 26.83 -1.45
272 387 Car -1 -1 -1.41 616.73 593.53 712.79 665.84 1.67 1.81 4.62 -1.74 1.66 28.35 -1.47
272 389 Car -1 -1 -1.29 349.97 623.05 620.72 802.06 1.44 1.74 4.44 -2.56 1.50 12.14 -1.50
272 388 Car -1 -1 -1.26 462.01 597.30 585.91 673.52 1.66 1.77 4.52 -5.23 1.73 27.16 -1.45
273 387 Car -1 -1 -1.41 619.12 593.30 714.16 664.91 1.67 1.81 4.62 -1.71 1.66 28.59 -1.47
273 389 Car -1 -1 -1.29 363.57 622.22 626.20 796.16 1.44 1.74 4.44 -2.52 1.50 12.41 -1.49
273 388 Car -1 -1 -1.26 467.18 597.08 588.97 672.23 1.66 1.77 4.52 -5.19 1.73 27.49 -1.45
274 387 Car -1 -1 -1.42 621.47 593.07 715.50 663.99 1.67 1.81 4.62 -1.68 1.66 28.83 -1.47
274 389 Car -1 -1 -1.30 376.47 621.42 631.48 790.57 1.44 1.74 4.44 -2.48 1.50 12.68 -1.49
274 388 Car -1 -1 -1.27 472.22 596.85 591.97 670.98 1.66 1.77 4.52 -5.15 1.74 27.83 -1.45
275 387 Car -1 -1 -1.42 623.78 592.85 716.83 663.09 1.67 1.81 4.62 -1.64 1.66 29.07 -1.47
275 389 Car -1 -1 -1.30 388.72 620.65 636.58 785.25 1.44 1.74 4.44 -2.44 1.51 12.95 -1.49
275 388 Car -1 -1 -1.27 477.13 596.63 594.89 669.76 1.66 1.77 4.52 -5.11 1.74 28.16 -1.45
276 387 Car -1 -1 -1.42 626.05 592.63 718.13 662.21 1.67 1.81 4.62 -1.61 1.66 29.31 -1.47
276 389 Car -1 -1 -1.30 400.38 619.91 641.51 780.20 1.44 1.74 4.44 -2.40 1.51 13.22 -1.48
276 388 Car -1 -1 -1.27 481.91 596.42 597.76 668.57 1.66 1.77 4.52 -5.07 1.74 28.50 -1.45
277 387 Car -1 -1 -1.42 629.26 592.64 720.01 661.55 1.67 1.81 4.62 -1.56 1.67 29.57 -1.47
277 389 Car -1 -1 -1.31 411.48 619.19 646.26 775.38 1.44 1.74 4.44 -2.36 1.51 13.48 -1.48
277 388 Car -1 -1 -1.28 486.58 596.21 600.56 667.41 1.66 1.77 4.52 -5.03 1.75 28.83 -1.45
278 387 Car -1 -1 -1.42 632.41 592.65 721.86 660.91 1.67 1.81 4.62 -1.50 1.67 29.83 -1.47
278 389 Car -1 -1 -1.31 422.07 618.50 650.86 770.78 1.44 1.74 4.44 -2.32 1.52 13.75 -1.48
278 388 Car -1 -1 -1.28 491.13 596.00 603.30 666.28 1.66 1.77 4.52 -5.00 1.75 29.17 -1.45
279 387 Car -1 -1 -1.43 635.50 592.66 723.68 660.28 1.67 1.81 4.62 -1.45 1.68 30.09 -1.48
279 389 Car -1 -1 -1.31 432.17 617.82 655.30 766.40 1.44 1.74 4.44 -2.28 1.52 14.02 -1.47
279 388 Car -1 -1 -1.28 495.56 595.80 605.98 665.18 1.66 1.77 4.52 -4.96 1.76 29.50 -1.45
280 387 Car -1 -1 -1.43 638.53 592.67 725.47 659.67 1.67 1.81 4.62 -1.39 1.69 30.35 -1.48
280 389 Car -1 -1 -1.32 441.82 617.18 659.60 762.20 1.44 1.74 4.44 -2.24 1.52 14.29 -1.47
280 388 Car -1 -1 -1.29 499.90 595.60 608.61 664.11 1.66 1.77 4.52 -4.92 1.76 29.83 -1.45
281 387 Car -1 -1 -1.43 641.51 592.69 727.24 659.06 1.67 1.81 4.62 -1.34 1.70 30.61 -1.48
281 389 Car -1 -1 -1.32 451.06 616.55 663.77 758.19 1.44 1.74 4.44 -2.20 1.53 14.55 -1.47
281 388 Car -1 -1 -1.29 504.12 595.41 611.19 663.06 1.66 1.77 4.52 -4.88 1.76 30.17 -1.45
282 387 Car -1 -1 -1.44 644.44 592.70 728.97 658.47 1.67 1.81 4.62 -1.29 1.70 30.87 -1.48
282 389 Car -1 -1 -1.32 459.90 615.94 667.80 754.35 1.44 1.74 4.44 -2.16 1.53 14.82 -1.46
283 387 Car -1 -1 -1.44 647.31 592.71 730.68 657.88 1.67 1.81 4.62 -1.23 1.71 31.13 -1.48
283 389 Car -1 -1 -1.32 468.37 615.35 671.71 750.67 1.44 1.74 4.44 -2.12 1.53 15.09 -1.46
284 387 Car -1 -1 -1.44 650.13 592.72 732.36 657.31 1.67 1.81 4.62 -1.18 1.72 31.39 -1.48
284 389 Car -1 -1 -1.32 476.49 614.78 675.50 747.14 1.44 1.74 4.44 -2.08 1.54 15.36 -1.46
285 387 Car -1 -1 -1.44 652.90 592.73 734.01 656.75 1.67 1.81 4.62 -1.12 1.72 31.65 -1.48
285 389 Car -1 -1 -1.33 484.29 614.22 679.17 743.75 1.44 1.74 4.44 -2.04 1.54 15.63 -1.46
286 387 Car -1 -1 -1.45 655.62 592.74 735.64 656.19 1.67 1.81 4.62 -1.07 1.73 31.91 -1.48
286 389 Car -1 -1 -1.33 491.79 613.69 682.74 740.49 1.44 1.74 4.44 -2.00 1.54 15.89 -1.45
287 387 Car -1 -1 -1.45 658.30 592.75 737.25 655.65 1.67 1.81 4.62 -1.02 1.74 32.17 -1.48
287 389 Car -1 -1 -1.33 498.99 613.16 686.20 737.36 1.44 1.74 4.44 -1.96 1.55 16.16 -1.45
288 387 Car -1 -1 -1.45 660.93 592.76 738.83 655.11 1.67 1.81 4.62 -0.96 1.75 32.43 -1.48
288 389 Car -1 -1 -1.33 505.93 612.66 689.57 734.34 1.44 1.74 4.44 -1.92 1.55 16.43 -1.45
289 387 Car -1 -1 -1.46 663.51 592.77 740.39 654.59 1.67 1.81 4.62 -0.91 1.75 32.69 -1.48
289 389 Car -1 -1 -1.33 512.61 612.17 692.84 731.44 1.44 1.74 4.44 -1.88 1.55 16.70 -1.44
290 387 Car -1 -1 -1.46 666.05 592.78 741.92 654.07 1.67 1.81 4.62 -0.85 1.76 32.95 -1.48
290 389 Car -1 -1 -1.33 521.99 611.87 698.04 728.65 1.44 1.74 4.44 -1.80 1.56 16.99 -1.44
291 387 Car -1 -1 -1.46 668.55 592.79 743.43 653.57 1.67 1.81 4.62 -0.80 1.77 33.21 -1.49
291 389 Car -1 -1 -1.34 531.00 611.59 703.08 725.97 1.44 1.74 4.44 -1.73 1.57 17.29 -1.44
292 387 Car -1 -1 -1.46 671.01 592.80 744.92 653.07 1.67 1.81 4.62 -0.75 1.78 33.48 -1.49
292 389 Car -1 -1 -1.34 539.66 611.31 707.98 723.39 1.44 1.74 4.44 -1.65 1.58 17.59 -1.43
293 387 Car -1 -1 -1.47 673.42 592.81 746.39 652.58 1.67 1.81 4.62 -0.69 1.78 33.74 -1.49
293 389 Car -1 -1 -1.34 547.99 611.04 712.73 720.92 1.44 1.74 4.44 -1.58 1.59 17.89 -1.43
294 387 Car -1 -1 -1.47 675.80 592.82 747.83 652.09 1.67 1.81 4.62 -0.64 1.79 34.00 -1.49
294 389 Car -1 -1 -1.34 556.01 610.78 717.34 718.53 1.44 1.74 4.44 -1.50 1.59 18.18 -1.43
294 390 Car -1 -1 -1.03 19.52 632.90 388.15 800.24 1.35 1.67 4.68 -5.94 1.63 12.74 -1.46
295 387 Car -1 -1 -1.47 678.14 592.83 749.26 651.62 1.67 1.81 4.62 -0.58 1.80 34.26 -1.49
295 389 Car -1 -1 -1.35 563.74 610.53 721.82 716.23 1.44 1.74 4.44 -1.43 1.60 18.48 -1.42
295 390 Car -1 -1 -1.04 45.95 631.84 398.53 793.29 1.35 1.67 4.68 -5.91 1.64 13.09 -1.46
296 387 Car -1 -1 -1.47 680.44 592.84 750.66 651.15 1.67 1.81 4.62 -0.53 1.81 34.52 -1.49
296 389 Car -1 -1 -1.35 571.19 610.28 726.17 714.01 1.44 1.74 4.44 -1.35 1.61 18.78 -1.42
296 390 Car -1 -1 -1.05 70.75 630.84 408.45 786.77 1.35 1.67 4.68 -5.87 1.64 13.43 -1.46
297 389 Car -1 -1 -1.35 578.38 610.04 730.40 711.88 1.44 1.74 4.44 -1.28 1.62 19.07 -1.42
297 390 Car -1 -1 -1.06 94.06 629.87 417.95 780.64 1.35 1.67 4.68 -5.83 1.65 13.78 -1.46
298 389 Car -1 -1 -1.35 585.32 609.81 734.51 709.81 1.44 1.74 4.44 -1.20 1.63 19.37 -1.41
298 390 Car -1 -1 -1.07 116.02 628.95 427.04 774.88 1.35 1.67 4.68 -5.80 1.66 14.12 -1.46
299 389 Car -1 -1 -1.35 592.02 609.59 738.52 707.82 1.44 1.74 4.44 -1.13 1.63 19.67 -1.41
299 390 Car -1 -1 -1.09 136.74 628.06 435.76 769.45 1.35 1.67 4.68 -5.76 1.66 14.47 -1.46
300 389 Car -1 -1 -1.36 598.50 609.37 742.41 705.89 1.44 1.74 4.44 -1.05 1.64 19.97 -1.41
300 390 Car -1 -1 -1.10 156.31 627.20 444.13 764.32 1.35 1.67 4.68 -5.72 1.67 14.81 -1.46
301 389 Car -1 -1 -1.36 604.76 609.15 746.21 704.02 1.44 1.74 4.44 -0.98 1.65 20.26 -1.40
302 389 Car -1 -1 -1.36 610.83 608.94 749.90 702.22 1.44 1.74 4.44 -0.90 1.66 20.56 -1.40
303 389 Car -1 -1 -1.36 616.70 608.74 753.50 700.47 1.44 1.74 4.44 -0.83 1.67 20.86 -1.40
304 389 Car -1 -1 -1.36 622.38 608.54 757.00 698.78 1.44 1.74 4.44 -0.75 1.67 21.15 -1.40
305 389 Car -1 -1 -1.36 627.89 608.35 760.42 697.14 1.44 1.74 4.44 -0.68 1.68 21.45 -1.39
306 389 Car -1 -1 -1.36 633.23 608.16 763.76 695.55 1.44 1.74 4.44 -0.60 1.69 21.75 -1.39
307 389 Car -1 -1 -1.36 638.41 607.98 767.01 694.01 1.44 1.74 4.44 -0.53 1.70 22.05 -1.39
308 389 Car -1 -1 -1.36 643.44 607.80 770.18 692.51 1.44 1.74 4.44 -0.45 1.71 22.34 -1.38
309 389 Car -1 -1 -1.36 648.32 607.63 773.28 691.06 1.44 1.74 4.44 -0.38 1.71 22.64 -1.38
310 389 Car -1 -1 -1.36 655.15 608.44 778.53 690.82 1.44 1.74 4.44 -0.26 1.75 22.95 -1.37
311 389 Car -1 -1 -1.36 661.77 609.23 783.65 690.59 1.44 1.74 4.44 -0.14 1.78 23.25 -1.37
312 389 Car -1 -1 -1.36 668.20 610.00 788.64 690.36 1.44 1.74 4.44 -0.01 1.81 23.56 -1.36
312 391 Car -1 -1 -1.17 37.42 596.39 625.39 973.63 1.93 2.12 5.76 -2.58 1.30 8.83 -1.46
313 389 Car -1 -1 -1.36 674.45 610.75 793.53 690.14 1.44 1.74 4.44 0.11 1.84 23.86 -1.35
313 391 Car -1 -1 -1.19 80.11 596.77 632.58 954.81 1.93 2.12 5.76 -2.53 1.31 9.15 -1.46
314 389 Car -1 -1 -1.36 680.53 611.48 798.29 689.93 1.44 1.74 4.44 0.23 1.87 24.17 -1.35
314 391 Car -1 -1 -1.20 108.53 597.27 637.75 943.02 1.93 2.12 5.76 -2.49 1.32 9.38 -1.46
315 389 Car -1 -1 -1.36 686.44 612.20 802.95 689.72 1.44 1.74 4.44 0.35 1.90 24.47 -1.34
315 391 Car -1 -1 -1.21 135.06 597.76 642.72 932.05 1.93 2.12 5.76 -2.45 1.34 9.60 -1.46
316 389 Car -1 -1 -1.35 692.19 612.91 807.51 689.51 1.44 1.74 4.44 0.47 1.94 24.78 -1.34
316 391 Car -1 -1 -1.22 176.65 598.11 654.52 916.92 1.93 2.12 5.76 -2.35 1.35 9.93 -1.45
317 389 Car -1 -1 -1.35 697.79 613.59 811.96 689.31 1.44 1.74 4.44 0.59 1.97 25.08 -1.33
317 391 Car -1 -1 -1.23 214.55 598.43 665.73 903.15 1.93 2.12 5.76 -2.25 1.37 10.26 -1.45
318 389 Car -1 -1 -1.35 703.24 614.27 816.31 689.12 1.44 1.74 4.44 0.71 2.00 25.39 -1.32
318 391 Car -1 -1 -1.24 249.22 598.75 676.39 890.57 1.93 2.12 5.76 -2.15 1.38 10.59 -1.44
319 389 Car -1 -1 -1.35 708.55 614.92 820.57 688.93 1.44 1.74 4.44 0.83 2.03 25.70 -1.32
319 391 Car -1 -1 -1.26 281.06 599.05 686.55 879.03 1.93 2.12 5.76 -2.04 1.40 10.92 -1.44
320 389 Car -1 -1 -1.35 714.50 615.16 824.78 688.17 1.44 1.74 4.44 0.96 2.05 26.03 -1.31
320 391 Car -1 -1 -1.27 310.40 599.33 696.23 868.40 1.93 2.12 5.76 -1.94 1.41 11.25 -1.44
321 389 Car -1 -1 -1.35 720.29 615.39 828.90 687.44 1.44 1.74 4.44 1.10 2.07 26.36 -1.31
321 391 Car -1 -1 -1.28 337.53 599.60 705.47 858.58 1.93 2.12 5.76 -1.84 1.42 11.58 -1.43
322 389 Car -1 -1 -1.36 725.92 615.61 832.92 686.72 1.44 1.74 4.44 1.23 2.10 26.69 -1.31
322 391 Car -1 -1 -1.28 362.69 599.86 714.30 849.48 1.93 2.12 5.76 -1.74 1.44 11.91 -1.43
323 389 Car -1 -1 -1.36 731.40 615.83 836.85 686.03 1.44 1.74 4.44 1.36 2.12 27.02 -1.31
323 391 Car -1 -1 -1.29 386.09 600.11 722.74 841.02 1.93 2.12 5.76 -1.63 1.45 12.24 -1.43
324 389 Car -1 -1 -1.36 736.74 616.04 840.69 685.35 1.44 1.74 4.44 1.49 2.14 27.35 -1.30
324 391 Car -1 -1 -1.30 407.90 600.35 730.82 833.15 1.93 2.12 5.76 -1.53 1.47 12.57 -1.42
325 389 Car -1 -1 -1.36 741.94 616.25 844.44 684.70 1.44 1.74 4.44 1.62 2.16 27.68 -1.30
325 391 Car -1 -1 -1.31 428.28 600.58 738.57 825.79 1.93 2.12 5.76 -1.43 1.48 12.90 -1.42
326 389 Car -1 -1 -1.36 747.01 616.46 848.12 684.05 1.44 1.74 4.44 1.75 2.18 28.01 -1.30
326 391 Car -1 -1 -1.31 447.37 600.79 746.00 818.90 1.93 2.12 5.76 -1.33 1.50 13.23 -1.41
327 389 Car -1 -1 -1.36 751.95 616.66 851.71 683.43 1.44 1.74 4.44 1.89 2.21 28.34 -1.30
327 391 Car -1 -1 -1.32 465.29 601.00 753.13 812.45 1.93 2.12 5.76 -1.23 1.51 13.56 -1.41
328 389 Car -1 -1 -1.36 756.77 616.85 855.23 682.82 1.44 1.74 4.44 2.02 2.23 28.67 -1.29
328 391 Car -1 -1 -1.33 482.13 601.21 759.99 806.38 1.93 2.12 5.76 -1.12 1.53 13.89 -1.41
329 389 Car -1 -1 -1.36 761.47 617.04 858.67 682.22 1.44 1.74 4.44 2.15 2.25 29.00 -1.29
329 391 Car -1 -1 -1.33 498.00 601.40 766.57 800.66 1.93 2.12 5.76 -1.02 1.54 14.22 -1.40
330 389 Car -1 -1 -1.41 771.52 617.47 861.62 681.95 1.44 1.74 4.44 2.35 2.28 29.33 -1.33
330 391 Car -1 -1 -1.34 512.98 601.59 772.91 795.27 1.93 2.12 5.76 -0.92 1.56 14.55 -1.40
331 389 Car -1 -1 -1.45 781.43 617.89 864.46 681.68 1.44 1.74 4.44 2.54 2.31 29.65 -1.36
331 391 Car -1 -1 -1.34 527.14 601.77 779.02 790.18 1.93 2.12 5.76 -0.82 1.57 14.88 -1.40
332 389 Car -1 -1 -1.49 791.20 618.31 867.18 681.40 1.44 1.74 4.44 2.74 2.34 29.97 -1.40
332 391 Car -1 -1 -1.35 540.54 601.94 784.90 785.36 1.93 2.12 5.76 -0.71 1.58 15.21 -1.39
333 391 Car -1 -1 -1.35 553.25 602.11 790.57 780.79 1.93 2.12 5.76 -0.61 1.60 15.54 -1.39
334 391 Car -1 -1 -1.35 565.32 602.27 796.04 776.45 1.93 2.12 5.76 -0.51 1.61 15.87 -1.39
335 391 Car -1 -1 -1.36 581.37 601.70 805.61 771.95 1.93 2.12 5.76 -0.34 1.61 16.14 -1.38
336 391 Car -1 -1 -1.37 596.75 601.15 814.91 767.63 1.93 2.12 5.76 -0.17 1.61 16.42 -1.38
337 391 Car -1 -1 -1.37 611.52 600.61 823.96 763.48 1.93 2.12 5.76 0.00 1.61 16.70 -1.37
338 391 Car -1 -1 -1.38 625.70 600.09 832.75 759.50 1.93 2.12 5.76 0.17 1.61 16.98 -1.37
339 391 Car -1 -1 -1.38 639.34 599.58 841.29 755.67 1.93 2.12 5.76 0.35 1.61 17.25 -1.36
340 391 Car -1 -1 -1.38 652.45 599.09 849.61 751.98 1.93 2.12 5.76 0.52 1.61 17.53 -1.36
341 391 Car -1 -1 -1.39 665.08 598.61 857.71 748.44 1.93 2.12 5.76 0.69 1.61 17.81 -1.35
342 391 Car -1 -1 -1.39 677.24 598.14 865.59 745.02 1.93 2.12 5.76 0.86 1.61 18.09 -1.35
343 391 Car -1 -1 -1.40 688.97 597.69 873.27 741.72 1.93 2.12 5.76 1.03 1.61 18.37 -1.34
344 391 Car -1 -1 -1.40 700.28 597.24 880.76 738.54 1.93 2.12 5.76 1.20 1.61 18.64 -1.34
345 391 Car -1 -1 -1.40 713.85 596.84 890.63 735.61 1.93 2.12 5.76 1.42 1.61 18.91 -1.33
346 391 Car -1 -1 -1.41 726.97 596.45 900.26 732.78 1.93 2.12 5.76 1.63 1.61 19.18 -1.32
347 391 Car -1 -1 -1.41 739.67 596.08 909.67 730.04 1.93 2.12 5.76 1.85 1.61 19.44 -1.32
348 391 Car -1 -1 -1.41 751.96 595.70 918.86 727.38 1.93 2.12 5.76 2.07 1.61 19.71 -1.31
349 391 Car -1 -1 -1.42 763.86 595.34 927.84 724.81 1.93 2.12 5.76 2.28 1.61 19.98 -1.30
350 391 Car -1 -1 -1.42 775.40 594.99 936.61 722.31 1.93 2.12 5.76 2.50 1.61 20.24 -1.30
351 391 Car -1 -1 -1.42 786.58 594.65 945.19 719.89 1.93 2.12 5.76 2.71 1.61 20.51 -1.29
352 391 Car -1 -1 -1.42 797.42 594.31 953.57 717.54 1.93 2.12 5.76 2.93 1.61 20.77 -1.28
352 392 Car -1 -1 -0.91 26.54 615.39 531.82 904.23 1.82 1.80 4.47 -3.73 1.47 9.81 -1.28
353 391 Car -1 -1 -1.42 807.95 593.98 961.78 715.26 1.93 2.12 5.76 3.15 1.61 21.04 -1.28
353 392 Car -1 -1 -0.93 76.94 614.56 554.86 891.23 1.82 1.80 4.47 -3.55 1.48 10.12 -1.27
354 391 Car -1 -1 -1.42 818.17 593.66 969.80 713.05 1.93 2.12 5.76 3.36 1.61 21.31 -1.27
354 392 Car -1 -1 -0.95 123.57 613.78 576.75 879.23 1.82 1.80 4.47 -3.36 1.48 10.43 -1.26
355 391 Car -1 -1 -1.43 826.46 593.71 974.67 711.08 1.93 2.12 5.76 3.54 1.62 21.62 -1.27
355 392 Car -1 -1 -0.97 166.83 613.03 597.59 868.12 1.82 1.80 4.47 -3.17 1.49 10.74 -1.25
356 391 Car -1 -1 -1.43 834.48 593.77 979.41 709.18 1.93 2.12 5.76 3.72 1.63 21.94 -1.27
356 392 Car -1 -1 -0.99 201.26 612.36 612.82 858.85 1.82 1.80 4.47 -3.02 1.49 11.02 -1.25
357 391 Car -1 -1 -1.44 842.24 593.83 984.02 707.35 1.93 2.12 5.76 3.89 1.64 22.26 -1.27
357 392 Car -1 -1 -1.01 233.67 611.73 627.40 850.17 1.82 1.80 4.47 -2.87 1.50 11.30 -1.25
358 391 Car -1 -1 -1.44 849.75 593.88 988.52 705.57 1.93 2.12 5.76 4.07 1.65 22.58 -1.26
358 392 Car -1 -1 -1.02 264.22 611.12 641.38 842.01 1.82 1.80 4.47 -2.72 1.50 11.57 -1.25
359 391 Car -1 -1 -1.45 857.03 593.93 992.91 703.85 1.93 2.12 5.76 4.25 1.66 22.89 -1.26
359 392 Car -1 -1 -1.04 293.08 610.53 654.79 834.33 1.82 1.80 4.47 -2.58 1.50 11.85 -1.25
360 391 Car -1 -1 -1.45 864.09 593.99 997.19 702.19 1.93 2.12 5.76 4.42 1.67 23.21 -1.26
360 392 Car -1 -1 -1.06 320.38 609.97 667.66 827.09 1.82 1.80 4.47 -2.43 1.51 12.13 -1.25
361 391 Car -1 -1 -1.45 870.93 594.04 1001.37 700.57 1.93 2.12 5.76 4.60 1.68 23.53 -1.26
361 392 Car -1 -1 -1.07 346.24 609.43 680.04 820.26 1.82 1.80 4.47 -2.28 1.51 12.41 -1.25
362 391 Car -1 -1 -1.46 877.57 594.09 1005.45 699.01 1.93 2.12 5.76 4.78 1.69 23.84 -1.26
362 392 Car -1 -1 -1.09 370.78 608.91 691.94 813.79 1.82 1.80 4.47 -2.13 1.52 12.68 -1.25
363 391 Car -1 -1 -1.46 884.02 594.13 1009.43 697.49 1.93 2.12 5.76 4.95 1.70 24.16 -1.26
363 392 Car -1 -1 -1.10 394.08 608.40 703.40 807.66 1.82 1.80 4.47 -1.98 1.52 12.96 -1.25
364 391 Car -1 -1 -1.46 890.28 594.18 1013.32 696.02 1.93 2.12 5.76 5.13 1.71 24.48 -1.26
364 392 Car -1 -1 -1.12 416.26 607.92 714.44 801.85 1.82 1.80 4.47 -1.84 1.53 13.24 -1.25
365 391 Car -1 -1 -1.47 896.36 594.23 1017.11 694.59 1.93 2.12 5.76 5.31 1.72 24.79 -1.26
365 392 Car -1 -1 -1.13 432.44 607.77 722.24 797.34 1.82 1.80 4.47 -1.73 1.53 13.49 -1.25
366 391 Car -1 -1 -1.47 902.27 594.27 1020.82 693.20 1.93 2.12 5.76 5.48 1.73 25.11 -1.26
366 392 Car -1 -1 -1.13 447.94 607.63 729.81 793.02 1.82 1.80 4.47 -1.63 1.54 13.73 -1.25
367 391 Car -1 -1 -1.47 908.01 594.31 1024.45 691.85 1.93 2.12 5.76 5.66 1.74 25.43 -1.25
367 392 Car -1 -1 -1.14 462.82 607.49 737.14 788.88 1.82 1.80 4.47 -1.52 1.55 13.98 -1.25
368 391 Car -1 -1 -1.48 913.60 594.36 1027.99 690.54 1.93 2.12 5.76 5.84 1.75 25.74 -1.25
368 392 Car -1 -1 -1.15 477.09 607.35 744.25 784.92 1.82 1.80 4.47 -1.42 1.56 14.22 -1.25
369 391 Car -1 -1 -1.48 919.04 594.40 1031.46 689.26 1.93 2.12 5.76 6.01 1.76 26.06 -1.25
369 392 Car -1 -1 -1.16 490.81 607.22 751.15 781.12 1.82 1.80 4.47 -1.31 1.57 14.47 -1.25
370 391 Car -1 -1 -1.48 924.33 594.44 1034.85 688.02 1.93 2.12 5.76 6.19 1.77 26.38 -1.25
370 392 Car -1 -1 -1.16 504.00 607.10 757.84 777.46 1.82 1.80 4.47 -1.20 1.57 14.71 -1.25
371 391 Car -1 -1 -1.48 929.49 594.48 1038.17 686.82 1.93 2.12 5.76 6.37 1.78 26.70 -1.25
371 392 Car -1 -1 -1.17 516.70 606.97 764.34 773.96 1.82 1.80 4.47 -1.10 1.58 14.96 -1.24
372 391 Car -1 -1 -1.49 934.51 594.52 1041.41 685.64 1.93 2.12 5.76 6.54 1.79 27.01 -1.25
372 392 Car -1 -1 -1.18 528.92 606.85 770.65 770.58 1.82 1.80 4.47 -0.99 1.59 15.21 -1.24
373 391 Car -1 -1 -1.49 939.40 594.56 1044.59 684.50 1.93 2.12 5.76 6.72 1.80 27.33 -1.25
373 392 Car -1 -1 -1.18 540.69 606.74 776.79 767.34 1.82 1.80 4.47 -0.89 1.60 15.45 -1.24
374 391 Car -1 -1 -1.49 944.17 594.60 1047.70 683.38 1.93 2.12 5.76 6.90 1.81 27.65 -1.25
374 392 Car -1 -1 -1.19 552.05 606.62 782.75 764.21 1.82 1.80 4.47 -0.78 1.61 15.70 -1.24
375 391 Car -1 -1 -1.49 943.30 594.75 1045.10 682.42 1.93 2.12 5.76 6.93 1.82 27.97 -1.25
375 392 Car -1 -1 -1.20 563.01 606.51 788.55 761.20 1.82 1.80 4.47 -0.68 1.61 15.94 -1.24
376 391 Car -1 -1 -1.50 942.44 594.90 1042.56 681.48 1.93 2.12 5.76 6.96 1.84 28.30 -1.25
376 392 Car -1 -1 -1.20 573.59 606.41 794.20 758.29 1.82 1.80 4.47 -0.57 1.62 16.19 -1.24
377 391 Car -1 -1 -1.50 941.61 595.05 1040.07 680.57 1.93 2.12 5.76 6.99 1.85 28.62 -1.26
377 392 Car -1 -1 -1.21 583.81 606.30 799.69 755.49 1.82 1.80 4.47 -0.47 1.63 16.43 -1.24
378 391 Car -1 -1 -1.50 940.80 595.19 1037.64 679.68 1.93 2.12 5.76 7.03 1.87 28.95 -1.26
378 392 Car -1 -1 -1.21 593.69 606.20 805.04 752.78 1.82 1.80 4.47 -0.36 1.64 16.68 -1.23
379 391 Car -1 -1 -1.50 940.01 595.33 1035.25 678.81 1.93 2.12 5.76 7.06 1.88 29.27 -1.27
379 392 Car -1 -1 -1.22 603.25 606.10 810.25 750.16 1.82 1.80 4.47 -0.26 1.64 16.92 -1.23
380 391 Car -1 -1 -1.50 939.24 595.47 1032.91 677.97 1.93 2.12 5.76 7.09 1.89 29.60 -1.27
380 392 Car -1 -1 -1.22 612.50 606.00 815.32 747.63 1.82 1.80 4.47 -0.15 1.65 17.17 -1.23
381 391 Car -1 -1 -1.51 938.48 595.60 1030.62 677.14 1.93 2.12 5.76 7.12 1.91 29.92 -1.27
381 392 Car -1 -1 -1.23 621.45 605.91 820.27 745.19 1.82 1.80 4.47 -0.05 1.66 17.42 -1.23
382 391 Car -1 -1 -1.51 937.75 595.74 1028.38 676.33 1.93 2.12 5.76 7.16 1.92 30.25 -1.28
382 392 Car -1 -1 -1.23 630.13 605.82 825.10 742.82 1.82 1.80 4.47 0.06 1.67 17.66 -1.23
383 391 Car -1 -1 -1.51 937.03 595.87 1026.18 675.55 1.93 2.12 5.76 7.19 1.93 30.57 -1.28
383 392 Car -1 -1 -1.24 638.53 605.73 829.80 740.53 1.82 1.80 4.47 0.16 1.68 17.91 -1.23
384 391 Car -1 -1 -1.51 936.33 596.00 1024.02 674.78 1.93 2.12 5.76 7.22 1.95 30.90 -1.28
384 392 Car -1 -1 -1.25 644.67 605.59 831.16 738.12 1.82 1.80 4.47 0.22 1.68 18.17 -1.23
385 391 Car -1 -1 -1.52 935.64 596.12 1021.91 674.03 1.93 2.12 5.76 7.25 1.96 31.22 -1.29
385 392 Car -1 -1 -1.26 650.62 605.45 832.47 735.80 1.82 1.80 4.47 0.28 1.69 18.43 -1.24
386 391 Car -1 -1 -1.52 934.98 596.24 1019.83 673.29 1.93 2.12 5.76 7.29 1.98 31.55 -1.29
386 392 Car -1 -1 -1.26 656.40 605.32 833.75 733.54 1.82 1.80 4.47 0.34 1.70 18.69 -1.25
387 391 Car -1 -1 -1.52 934.32 596.37 1017.80 672.57 1.93 2.12 5.76 7.32 1.99 31.87 -1.30
387 392 Car -1 -1 -1.27 662.01 605.19 835.00 731.36 1.82 1.80 4.47 0.40 1.71 18.95 -1.25
388 391 Car -1 -1 -1.52 933.68 596.48 1015.80 671.87 1.93 2.12 5.76 7.35 2.00 32.20 -1.30
388 392 Car -1 -1 -1.28 667.46 605.07 836.21 729.25 1.82 1.80 4.47 0.46 1.71 19.21 -1.26
389 391 Car -1 -1 -1.53 933.06 596.60 1013.84 671.18 1.93 2.12 5.76 7.39 2.02 32.52 -1.30
389 392 Car -1 -1 -1.29 672.76 604.95 837.38 727.20 1.82 1.80 4.47 0.53 1.72 19.47 -1.26
390 391 Car -1 -1 -1.53 932.45 596.72 1011.92 670.51 1.93 2.12 5.76 7.42 2.03 32.85 -1.31
390 392 Car -1 -1 -1.30 677.92 604.83 838.53 725.21 1.82 1.80 4.47 0.59 1.73 19.73 -1.27
391 391 Car -1 -1 -1.53 931.85 596.83 1010.03 669.85 1.93 2.12 5.76 7.45 2.05 33.17 -1.31
391 392 Car -1 -1 -1.31 682.93 604.71 839.64 723.28 1.82 1.80 4.47 0.65 1.74 20.00 -1.28
392 391 Car -1 -1 -1.53 931.26 596.94 1008.18 669.21 1.93 2.12 5.76 7.48 2.06 33.50 -1.31
392 392 Car -1 -1 -1.31 685.02 604.56 838.31 721.26 1.82 1.80 4.47 0.66 1.74 20.27 -1.28
393 391 Car -1 -1 -1.54 930.69 597.05 1006.36 668.58 1.93 2.12 5.76 7.52 2.07 33.82 -1.32
393 392 Car -1 -1 -1.32 687.05 604.41 837.01 719.30 1.82 1.80 4.47 0.67 1.75 20.55 -1.29
394 391 Car -1 -1 -1.54 930.13 597.15 1004.57 667.96 1.93 2.12 5.76 7.55 2.09 34.15 -1.32
394 392 Car -1 -1 -1.33 689.02 604.26 835.74 717.40 1.82 1.80 4.47 0.68 1.76 20.82 -1.29
395 391 Car -1 -1 -1.54 925.96 597.06 999.69 667.12 1.93 2.12 5.76 7.47 2.09 34.47 -1.33
395 392 Car -1 -1 -1.33 690.95 604.12 834.50 715.55 1.82 1.80 4.47 0.69 1.77 21.10 -1.30
396 391 Car -1 -1 -1.54 921.88 596.96 994.90 666.29 1.93 2.12 5.76 7.40 2.10 34.80 -1.33
396 392 Car -1 -1 -1.34 692.82 603.98 833.29 713.76 1.82 1.80 4.47 0.71 1.77 21.37 -1.31
397 391 Car -1 -1 -1.54 917.87 596.87 990.19 665.47 1.93 2.12 5.76 7.32 2.11 35.13 -1.33
397 392 Car -1 -1 -1.35 694.65 603.84 832.10 712.02 1.82 1.80 4.47 0.72 1.78 21.65 -1.31
398 391 Car -1 -1 -1.54 913.94 596.78 985.56 664.68 1.93 2.12 5.76 7.25 2.11 35.45 -1.34
398 392 Car -1 -1 -1.35 696.43 603.71 830.94 710.33 1.82 1.80 4.47 0.73 1.79 21.92 -1.32
399 391 Car -1 -1 -1.54 910.10 596.69 981.01 663.90 1.93 2.12 5.76 7.17 2.12 35.78 -1.34
399 392 Car -1 -1 -1.36 698.17 603.58 829.81 708.68 1.82 1.80 4.47 0.74 1.79 22.20 -1.32
400 391 Car -1 -1 -1.54 906.32 596.61 976.54 663.13 1.93 2.12 5.76 7.10 2.13 36.10 -1.34
400 392 Car -1 -1 -1.36 699.86 603.45 828.70 707.08 1.82 1.80 4.47 0.75 1.80 22.47 -1.33
401 391 Car -1 -1 -1.54 902.62 596.52 972.15 662.38 1.93 2.12 5.76 7.02 2.13 36.43 -1.35
401 392 Car -1 -1 -1.37 701.51 603.33 827.61 705.53 1.82 1.80 4.47 0.76 1.81 22.75 -1.34
402 391 Car -1 -1 -1.54 898.98 596.44 967.83 661.64 1.93 2.12 5.76 6.94 2.14 36.76 -1.35
402 392 Car -1 -1 -1.38 703.13 603.21 826.55 704.01 1.82 1.80 4.47 0.78 1.82 23.02 -1.34
403 391 Car -1 -1 -1.54 895.42 596.35 963.58 660.92 1.93 2.12 5.76 6.87 2.15 37.08 -1.36
403 392 Car -1 -1 -1.38 704.70 603.09 825.51 702.54 1.82 1.80 4.47 0.79 1.82 23.30 -1.35
404 391 Car -1 -1 -1.54 891.92 596.27 959.40 660.21 1.93 2.12 5.76 6.79 2.15 37.41 -1.36
404 392 Car -1 -1 -1.39 702.84 602.99 821.81 701.31 1.82 1.80 4.47 0.73 1.83 23.54 -1.35
405 391 Car -1 -1 -1.54 888.48 596.19 955.29 659.52 1.93 2.12 5.76 6.72 2.16 37.74 -1.36
405 392 Car -1 -1 -1.39 701.02 602.89 818.18 700.10 1.82 1.80 4.47 0.68 1.84 23.77 -1.36
406 391 Car -1 -1 -1.54 885.11 596.11 951.25 658.84 1.93 2.12 5.76 6.64 2.17 38.06 -1.37
406 392 Car -1 -1 -1.39 699.24 602.80 814.61 698.92 1.82 1.80 4.47 0.62 1.84 24.00 -1.37
407 391 Car -1 -1 -1.54 881.80 596.03 947.27 658.17 1.93 2.12 5.76 6.57 2.18 38.39 -1.37
407 392 Car -1 -1 -1.40 697.50 602.70 811.11 697.77 1.82 1.80 4.47 0.56 1.85 24.24 -1.37
408 391 Car -1 -1 -1.54 878.55 595.96 943.36 657.51 1.93 2.12 5.76 6.49 2.18 38.72 -1.37
408 392 Car -1 -1 -1.40 695.80 602.61 807.66 696.64 1.82 1.80 4.47 0.51 1.86 24.47 -1.38
409 391 Car -1 -1 -1.54 875.35 595.88 939.51 656.86 1.93 2.12 5.76 6.42 2.19 39.04 -1.38
409 392 Car -1 -1 -1.40 694.13 602.52 804.29 695.54 1.82 1.80 4.47 0.45 1.86 24.71 -1.38
410 391 Car -1 -1 -1.54 872.21 595.81 935.71 656.23 1.93 2.12 5.76 6.34 2.20 39.37 -1.38
410 392 Car -1 -1 -1.41 692.50 602.43 800.96 694.46 1.82 1.80 4.47 0.40 1.87 24.94 -1.39
411 391 Car -1 -1 -1.54 869.13 595.73 931.98 655.61 1.93 2.12 5.76 6.27 2.20 39.70 -1.39
411 392 Car -1 -1 -1.41 690.90 602.34 797.70 693.40 1.82 1.80 4.47 0.34 1.87 25.18 -1.40
412 391 Car -1 -1 -1.54 866.10 595.66 928.31 655.00 1.93 2.12 5.76 6.19 2.21 40.02 -1.39
412 392 Car -1 -1 -1.41 689.34 602.26 794.50 692.36 1.82 1.80 4.47 0.29 1.88 25.41 -1.40
413 391 Car -1 -1 -1.54 863.12 595.59 924.69 654.39 1.93 2.12 5.76 6.11 2.22 40.35 -1.39
413 392 Car -1 -1 -1.42 687.81 602.17 791.34 691.34 1.82 1.80 4.47 0.23 1.89 25.65 -1.41
414 391 Car -1 -1 -1.54 860.20 595.52 921.13 653.80 1.93 2.12 5.76 6.04 2.22 40.68 -1.40
414 392 Car -1 -1 -1.42 685.20 602.07 787.41 690.30 1.82 1.80 4.47 0.15 1.89 25.89 -1.41
415 391 Car -1 -1 -1.54 855.56 595.53 916.07 653.31 1.93 2.12 5.76 5.90 2.23 41.01 -1.40
415 392 Car -1 -1 -1.42 682.65 601.98 783.55 689.27 1.82 1.80 4.47 0.07 1.90 26.14 -1.42
416 391 Car -1 -1 -1.54 851.01 595.54 911.09 652.82 1.93 2.12 5.76 5.76 2.24 41.34 -1.40
416 392 Car -1 -1 -1.42 680.15 601.88 779.76 688.27 1.82 1.80 4.47 -0.01 1.90 26.38 -1.42
417 391 Car -1 -1 -1.54 846.54 595.55 906.19 652.34 1.93 2.12 5.76 5.63 2.25 41.68 -1.41
417 392 Car -1 -1 -1.43 677.71 601.79 776.02 687.29 1.82 1.80 4.47 -0.09 1.91 26.62 -1.43
418 391 Car -1 -1 -1.54 842.13 595.56 901.36 651.87 1.93 2.12 5.76 5.49 2.26 42.01 -1.41
418 392 Car -1 -1 -1.43 675.30 601.70 772.36 686.32 1.82 1.80 4.47 -0.17 1.92 26.86 -1.43
419 391 Car -1 -1 -1.54 837.81 595.58 896.60 651.40 1.93 2.12 5.76 5.35 2.27 42.34 -1.42
419 392 Car -1 -1 -1.43 672.95 601.61 768.75 685.38 1.82 1.80 4.47 -0.24 1.92 27.11 -1.44
420 391 Car -1 -1 -1.54 833.55 595.59 891.91 650.95 1.93 2.12 5.76 5.21 2.28 42.67 -1.42
420 392 Car -1 -1 -1.43 670.64 601.52 765.21 684.45 1.82 1.80 4.47 -0.32 1.93 27.35 -1.44
421 391 Car -1 -1 -1.54 829.36 595.60 887.29 650.50 1.93 2.12 5.76 5.08 2.30 43.01 -1.42
421 392 Car -1 -1 -1.44 668.38 601.43 761.72 683.55 1.82 1.80 4.47 -0.40 1.94 27.59 -1.45
422 391 Car -1 -1 -1.54 825.24 595.61 882.74 650.06 1.93 2.12 5.76 4.94 2.31 43.34 -1.43
422 392 Car -1 -1 -1.44 666.16 601.35 758.29 682.65 1.82 1.80 4.47 -0.48 1.94 27.84 -1.46
423 391 Car -1 -1 -1.54 821.19 595.62 878.26 649.62 1.93 2.12 5.76 4.80 2.32 43.67 -1.43
423 392 Car -1 -1 -1.44 663.98 601.26 754.91 681.78 1.82 1.80 4.47 -0.56 1.95 28.08 -1.46
424 391 Car -1 -1 -1.54 817.20 595.63 873.84 649.20 1.93 2.12 5.76 4.66 2.33 44.00 -1.43
424 392 Car -1 -1 -1.44 662.13 601.38 752.65 681.27 1.82 1.80 4.47 -0.62 1.96 28.29 -1.46
424 393 Car -1 -1 -1.14 5.45 649.29 585.55 1020.63 1.50 1.87 4.66 -2.57 1.54 7.73 -1.46
425 391 Car -1 -1 -1.54 813.28 595.64 869.48 648.78 1.93 2.12 5.76 4.52 2.34 44.34 -1.44
425 392 Car -1 -1 -1.44 660.31 601.49 750.41 680.76 1.82 1.80 4.47 -0.68 1.97 28.50 -1.46
425 393 Car -1 -1 -1.15 31.09 648.94 588.82 1006.83 1.50 1.87 4.66 -2.57 1.55 7.92 -1.46
426 391 Car -1 -1 -1.54 809.42 595.65 865.19 648.36 1.93 2.12 5.76 4.39 2.35 44.67 -1.44
426 392 Car -1 -1 -1.44 658.52 601.60 748.21 680.27 1.82 1.80 4.47 -0.74 1.98 28.71 -1.46
426 393 Car -1 -1 -1.16 55.04 648.60 591.98 993.98 1.50 1.87 4.66 -2.56 1.56 8.11 -1.46
427 391 Car -1 -1 -1.54 805.61 595.66 860.95 647.96 1.93 2.12 5.76 4.25 2.36 45.00 -1.45
427 392 Car -1 -1 -1.43 656.76 601.71 746.04 679.78 1.82 1.80 4.47 -0.80 1.99 28.91 -1.46
427 393 Car -1 -1 -1.17 77.46 648.28 595.01 981.97 1.50 1.87 4.66 -2.56 1.58 8.31 -1.46
428 391 Car -1 -1 -1.54 801.87 595.67 856.78 647.56 1.93 2.12 5.76 4.11 2.37 45.34 -1.45
428 392 Car -1 -1 -1.43 655.03 601.82 743.89 679.30 1.82 1.80 4.47 -0.86 2.00 29.12 -1.46
428 393 Car -1 -1 -1.17 98.49 647.97 597.94 970.74 1.50 1.87 4.66 -2.56 1.59 8.50 -1.46
429 391 Car -1 -1 -1.54 798.18 595.67 852.66 647.16 1.93 2.12 5.76 3.97 2.38 45.67 -1.45
429 392 Car -1 -1 -1.43 653.32 601.93 741.78 678.83 1.82 1.80 4.47 -0.92 2.01 29.33 -1.46
429 393 Car -1 -1 -1.18 117.16 647.04 599.99 959.60 1.50 1.87 4.66 -2.55 1.59 8.69 -1.47
430 391 Car -1 -1 -1.54 794.55 595.68 848.60 646.77 1.93 2.12 5.76 3.84 2.39 46.00 -1.46
430 392 Car -1 -1 -1.43 651.64 602.03 739.69 678.36 1.82 1.80 4.47 -0.98 2.02 29.54 -1.46
430 393 Car -1 -1 -1.19 134.82 646.14 601.98 949.10 1.50 1.87 4.66 -2.55 1.60 8.87 -1.47
431 391 Car -1 -1 -1.54 790.98 595.69 844.59 646.39 1.93 2.12 5.76 3.70 2.40 46.33 -1.46
431 392 Car -1 -1 -1.43 649.98 602.14 737.63 677.90 1.82 1.80 4.47 -1.04 2.03 29.75 -1.46
431 393 Car -1 -1 -1.19 151.54 645.27 603.90 939.19 1.50 1.87 4.66 -2.55 1.60 9.05 -1.47
432 391 Car -1 -1 -1.54 787.46 595.70 840.64 646.01 1.93 2.12 5.76 3.56 2.41 46.67 -1.46
432 392 Car -1 -1 -1.43 648.35 602.24 735.60 677.45 1.82 1.80 4.47 -1.10 2.04 29.96 -1.46
432 393 Car -1 -1 -1.20 167.40 644.43 605.76 929.80 1.50 1.87 4.66 -2.55 1.61 9.23 -1.47
433 391 Car -1 -1 -1.54 783.99 595.71 836.75 645.64 1.93 2.12 5.76 3.42 2.42 47.00 -1.47
433 392 Car -1 -1 -1.43 646.74 602.34 733.59 677.00 1.82 1.80 4.47 -1.16 2.05 30.17 -1.46
433 393 Car -1 -1 -1.21 182.47 643.61 607.56 920.91 1.50 1.87 4.66 -2.55 1.61 9.42 -1.47
434 391 Car -1 -1 -1.54 780.57 595.72 832.90 645.28 1.93 2.12 5.76 3.29 2.43 47.33 -1.47
434 392 Car -1 -1 -1.42 645.16 602.44 731.61 676.57 1.82 1.80 4.47 -1.22 2.06 30.37 -1.46
434 393 Car -1 -1 -1.22 196.80 642.81 609.30 912.48 1.50 1.87 4.66 -2.55 1.61 9.60 -1.47
435 392 Car -1 -1 -1.42 644.05 602.36 730.05 675.92 1.82 1.80 4.47 -1.26 2.07 30.58 -1.46
435 393 Car -1 -1 -1.22 210.44 642.05 610.99 904.46 1.50 1.87 4.66 -2.54 1.62 9.78 -1.48
436 392 Car -1 -1 -1.42 642.95 602.27 728.51 675.29 1.82 1.80 4.47 -1.31 2.07 30.79 -1.46
436 393 Car -1 -1 -1.23 223.45 641.30 612.62 896.84 1.50 1.87 4.66 -2.54 1.62 9.96 -1.48
437 392 Car -1 -1 -1.42 641.87 602.19 726.98 674.66 1.82 1.80 4.47 -1.36 2.08 31.00 -1.47
437 393 Car -1 -1 -1.23 235.87 640.57 614.21 889.57 1.50 1.87 4.66 -2.54 1.63 10.15 -1.48
438 392 Car -1 -1 -1.42 640.81 602.11 725.48 674.04 1.82 1.80 4.47 -1.41 2.08 31.20 -1.47
438 393 Car -1 -1 -1.24 247.73 639.87 615.75 882.65 1.50 1.87 4.66 -2.54 1.63 10.33 -1.48
439 392 Car -1 -1 -1.42 639.76 602.02 723.99 673.44 1.82 1.80 4.47 -1.46 2.09 31.41 -1.47
439 393 Car -1 -1 -1.25 259.07 639.18 617.25 876.04 1.50 1.87 4.66 -2.54 1.64 10.51 -1.48
440 392 Car -1 -1 -1.42 638.73 601.94 722.53 672.84 1.82 1.80 4.47 -1.50 2.09 31.62 -1.47
440 393 Car -1 -1 -1.25 269.93 638.52 618.70 869.72 1.50 1.87 4.66 -2.54 1.64 10.69 -1.49
441 392 Car -1 -1 -1.42 637.71 601.86 721.08 672.24 1.82 1.80 4.47 -1.55 2.10 31.83 -1.47
441 393 Car -1 -1 -1.26 280.34 637.87 620.11 863.67 1.50 1.87 4.66 -2.54 1.65 10.88 -1.49
442 392 Car -1 -1 -1.42 636.70 601.78 719.65 671.66 1.82 1.80 4.47 -1.60 2.10 32.03 -1.47
442 393 Car -1 -1 -1.26 290.32 637.24 621.48 857.89 1.50 1.87 4.66 -2.53 1.65 11.06 -1.49
443 392 Car -1 -1 -1.42 635.71 601.71 718.23 671.09 1.82 1.80 4.47 -1.65 2.11 32.24 -1.47
443 393 Car -1 -1 -1.27 299.91 636.63 622.81 852.34 1.50 1.87 4.66 -2.53 1.66 11.24 -1.49
444 393 Car -1 -1 -1.28 309.11 636.03 624.11 847.02 1.50 1.87 4.66 -2.53 1.66 11.42 -1.49
445 393 Car -1 -1 -1.28 317.96 635.45 625.37 841.91 1.50 1.87 4.66 -2.53 1.67 11.61 -1.50
446 393 Car -1 -1 -1.29 326.48 634.88 626.60 837.00 1.50 1.87 4.66 -2.53 1.67 11.79 -1.50
447 393 Car -1 -1 -1.29 334.68 634.33 627.80 832.28 1.50 1.87 4.66 -2.53 1.67 11.97 -1.50
448 393 Car -1 -1 -1.29 340.69 634.05 628.07 828.41 1.50 1.87 4.66 -2.54 1.68 12.14 -1.50
449 393 Car -1 -1 -1.30 346.50 633.79 628.33 824.67 1.50 1.87 4.66 -2.55 1.69 12.31 -1.50
450 393 Car -1 -1 -1.30 352.13 633.53 628.59 821.06 1.50 1.87 4.66 -2.56 1.70 12.48 -1.50
451 393 Car -1 -1 -1.30 357.57 633.27 628.84 817.57 1.50 1.87 4.66 -2.57 1.70 12.65 -1.50
452 393 Car -1 -1 -1.31 362.84 633.02 629.08 814.19 1.50 1.87 4.66 -2.58 1.71 12.82 -1.51
453 393 Car -1 -1 -1.31 367.94 632.78 629.32 810.92 1.50 1.87 4.66 -2.59 1.72 12.99 -1.51
454 393 Car -1 -1 -1.31 372.89 632.54 629.55 807.76 1.50 1.87 4.66 -2.60 1.73 13.16 -1.51
455 393 Car -1 -1 -1.32 377.69 632.31 629.78 804.69 1.50 1.87 4.66 -2.61 1.73 13.32 -1.51
456 393 Car -1 -1 -1.32 382.34 632.08 630.00 801.71 1.50 1.87 4.66 -2.62 1.74 13.49 -1.51
457 393 Car -1 -1 -1.32 386.86 631.85 630.22 798.83 1.50 1.87 4.66 -2.63 1.75 13.66 -1.51
458 393 Car -1 -1 -1.33 391.25 631.63 630.43 796.03 1.50 1.87 4.66 -2.64 1.76 13.83 -1.51
459 393 Car -1 -1 -1.33 395.51 631.42 630.64 793.32 1.50 1.87 4.66 -2.65 1.76 14.00 -1.52
460 393 Car -1 -1 -1.33 399.65 631.21 630.85 790.68 1.50 1.87 4.66 -2.66 1.77 14.17 -1.52
461 393 Car -1 -1 -1.33 403.68 631.00 631.05 788.12 1.50 1.87 4.66 -2.67 1.78 14.34 -1.52
462 393 Car -1 -1 -1.34 407.60 630.80 631.24 785.62 1.50 1.87 4.66 -2.68 1.79 14.51 -1.52
463 393 Car -1 -1 -1.34 411.41 630.60 631.43 783.20 1.50 1.87 4.66 -2.69 1.79 14.68 -1.52
464 393 Car -1 -1 -1.34 415.12 630.41 631.62 780.85 1.50 1.87 4.66 -2.70 1.80 14.85 -1.52
465 393 Car -1 -1 -1.35 418.74 630.22 631.80 778.55 1.50 1.87 4.66 -2.71 1.81 15.01 -1.52
466 393 Car -1 -1 -1.35 422.26 630.03 631.98 776.32 1.50 1.87 4.66 -2.72 1.81 15.18 -1.53
467 393 Car -1 -1 -1.35 425.68 629.85 632.16 774.15 1.50 1.87 4.66 -2.73 1.82 15.35 -1.53
468 393 Car -1 -1 -1.35 429.17 629.73 632.98 772.33 1.50 1.87 4.66 -2.73 1.83 15.50 -1.53
469 393 Car -1 -1 -1.35 432.57 629.61 633.78 770.56 1.50 1.87 4.66 -2.73 1.84 15.65 -1.53
470 393 Car -1 -1 -1.36 435.90 629.50 634.57 768.82 1.50 1.87 4.66 -2.73 1.84 15.80 -1.53
471 393 Car -1 -1 -1.36 439.15 629.38 635.35 767.13 1.50 1.87 4.66 -2.73 1.85 15.95 -1.53
472 393 Car -1 -1 -1.36 442.34 629.27 636.12 765.47 1.50 1.87 4.66 -2.73 1.86 16.10 -1.53
473 393 Car -1 -1 -1.36 445.45 629.16 636.87 763.85 1.50 1.87 4.66 -2.73 1.87 16.25 -1.53
474 393 Car -1 -1 -1.36 448.50 629.06 637.61 762.26 1.50 1.87 4.66 -2.73 1.87 16.40 -1.53
475 393 Car -1 -1 -1.36 451.49 628.95 638.34 760.71 1.50 1.87 4.66 -2.74 1.88 16.55 -1.53
476 393 Car -1 -1 -1.37 454.41 628.84 639.06 759.18 1.50 1.87 4.66 -2.74 1.89 16.71 -1.53
477 393 Car -1 -1 -1.37 457.28 628.74 639.77 757.69 1.50 1.87 4.66 -2.74 1.89 16.86 -1.53
478 393 Car -1 -1 -1.37 460.08 628.64 640.46 756.23 1.50 1.87 4.66 -2.74 1.90 17.01 -1.53
479 393 Car -1 -1 -1.37 462.83 628.54 641.15 754.80 1.50 1.87 4.66 -2.74 1.91 17.16 -1.53
480 393 Car -1 -1 -1.37 465.52 628.44 641.82 753.40 1.50 1.87 4.66 -2.74 1.92 17.31 -1.53
481 393 Car -1 -1 -1.37 468.16 628.35 642.49 752.03 1.50 1.87 4.66 -2.74 1.92 17.46 -1.53
482 393 Car -1 -1 -1.37 470.75 628.25 643.14 750.68 1.50 1.87 4.66 -2.74 1.93 17.61 -1.53
483 393 Car -1 -1 -1.38 473.28 628.16 643.78 749.36 1.50 1.87 4.66 -2.74 1.94 17.76 -1.53
484 393 Car -1 -1 -1.38 475.77 628.06 644.42 748.07 1.50 1.87 4.66 -2.74 1.95 17.91 -1.53
485 393 Car -1 -1 -1.38 478.21 627.97 645.04 746.80 1.50 1.87 4.66 -2.74 1.95 18.06 -1.53
486 393 Car -1 -1 -1.38 480.61 627.88 645.66 745.56 1.50 1.87 4.66 -2.74 1.96 18.21 -1.53
487 393 Car -1 -1 -1.38 482.96 627.80 646.27 744.33 1.50 1.87 4.66 -2.74 1.97 18.36 -1.53
488 393 Car -1 -1 -1.38 484.75 627.88 646.71 743.41 1.50 1.87 4.66 -2.75 1.98 18.50 -1.53
489 393 Car -1 -1 -1.38 486.52 627.95 647.14 742.50 1.50 1.87 4.66 -2.75 1.99 18.65 -1.53
490 393 Car -1 -1 -1.38 488.25 628.03 647.57 741.60 1.50 1.87 4.66 -2.76 2.00 18.79 -1.53
491 393 Car -1 -1 -1.38 489.95 628.11 648.00 740.72 1.50 1.87 4.66 -2.76 2.01 18.93 -1.53
492 393 Car -1 -1 -1.38 491.62 628.19 648.41 739.86 1.50 1.87 4.66 -2.77 2.02 19.08 -1.52
493 393 Car -1 -1 -1.38 493.27 628.26 648.83 739.01 1.50 1.87 4.66 -2.77 2.03 19.22 -1.52
494 393 Car -1 -1 -1.38 494.88 628.33 649.23 738.18 1.50 1.87 4.66 -2.78 2.04 19.36 -1.52
495 393 Car -1 -1 -1.38 496.47 628.41 649.63 737.35 1.50 1.87 4.66 -2.78 2.05 19.51 -1.52
496 393 Car -1 -1 -1.38 498.03 628.48 650.03 736.55 1.50 1.87 4.66 -2.79 2.06 19.65 -1.52
497 393 Car -1 -1 -1.38 499.57 628.55 650.42 735.75 1.50 1.87 4.66 -2.79 2.07 19.79 -1.52
498 393 Car -1 -1 -1.38 501.08 628.62 650.81 734.97 1.50 1.87 4.66 -2.80 2.08 19.94 -1.52
499 393 Car -1 -1 -1.38 502.57 628.69 651.19 734.20 1.50 1.87 4.66 -2.80 2.09 20.08 -1.52
500 393 Car -1 -1 -1.38 504.03 628.76 651.56 733.45 1.50 1.87 4.66 -2.81 2.10 20.22 -1.52
501 393 Car -1 -1 -1.38 505.47 628.83 651.94 732.70 1.50 1.87 4.66 -2.81 2.11 20.37 -1.52
502 393 Car -1 -1 -1.38 506.89 628.89 652.30 731.97 1.50 1.87 4.66 -2.82 2.12 20.51 -1.52
502 394 Car -1 -1 -1.11 2.59 630.98 356.65 824.89 1.76 2.02 4.58 -6.60 1.85 13.43 -1.56
503 393 Car -1 -1 -1.38 508.29 628.96 652.66 731.25 1.50 1.87 4.66 -2.82 2.13 20.65 -1.52
503 394 Car -1 -1 -1.11 8.24 630.99 358.70 823.31 1.76 2.02 4.58 -6.60 1.86 13.53 -1.56
504 393 Car -1 -1 -1.38 509.66 629.02 653.02 730.54 1.50 1.87 4.66 -2.83 2.14 20.80 -1.52
504 394 Car -1 -1 -1.11 13.79 631.00 360.72 821.75 1.76 2.02 4.58 -6.61 1.86 13.62 -1.56
505 393 Car -1 -1 -1.38 511.01 629.09 653.37 729.84 1.50 1.87 4.66 -2.83 2.15 20.94 -1.51
505 394 Car -1 -1 -1.11 19.26 631.00 362.72 820.22 1.76 2.02 4.58 -6.61 1.87 13.71 -1.56
506 393 Car -1 -1 -1.38 512.34 629.15 653.72 729.15 1.50 1.87 4.66 -2.84 2.16 21.08 -1.51
506 394 Car -1 -1 -1.11 24.63 631.01 364.70 818.72 1.76 2.02 4.58 -6.61 1.88 13.80 -1.56
507 393 Car -1 -1 -1.38 513.66 629.21 654.07 728.47 1.50 1.87 4.66 -2.84 2.17 21.23 -1.51
507 394 Car -1 -1 -1.12 29.92 631.02 366.65 817.24 1.76 2.02 4.58 -6.62 1.88 13.90 -1.56
508 393 Car -1 -1 -1.38 514.75 628.74 654.22 727.25 1.50 1.87 4.66 -2.85 2.17 21.35 -1.51
508 394 Car -1 -1 -1.12 34.41 630.43 368.06 814.95 1.76 2.02 4.58 -6.63 1.88 13.99 -1.56
509 393 Car -1 -1 -1.38 515.82 628.28 654.36 726.05 1.50 1.87 4.66 -2.85 2.16 21.47 -1.51
509 394 Car -1 -1 -1.12 38.83 629.85 369.46 812.69 1.76 2.02 4.58 -6.64 1.88 14.08 -1.56
510 393 Car -1 -1 -1.38 516.89 627.82 654.51 724.86 1.50 1.87 4.66 -2.86 2.16 21.59 -1.51
510 394 Car -1 -1 -1.12 43.18 629.27 370.84 810.47 1.76 2.02 4.58 -6.65 1.87 14.18 -1.56
511 393 Car -1 -1 -1.38 517.94 627.36 654.65 723.69 1.50 1.87 4.66 -2.86 2.16 21.71 -1.51
511 394 Car -1 -1 -1.12 47.46 628.70 372.21 808.28 1.76 2.02 4.58 -6.66 1.87 14.27 -1.56
512 393 Car -1 -1 -1.38 518.98 626.91 654.79 722.53 1.50 1.87 4.66 -2.87 2.15 21.83 -1.51
512 394 Car -1 -1 -1.12 51.68 628.14 373.56 806.13 1.76 2.02 4.58 -6.67 1.87 14.36 -1.56
513 393 Car -1 -1 -1.38 520.00 626.46 654.93 721.38 1.50 1.87 4.66 -2.87 2.15 21.95 -1.51
513 394 Car -1 -1 -1.12 55.83 627.59 374.90 804.01 1.76 2.02 4.58 -6.69 1.86 14.45 -1.56
514 393 Car -1 -1 -1.38 521.02 626.02 655.07 720.25 1.50 1.87 4.66 -2.88 2.15 22.07 -1.51
514 394 Car -1 -1 -1.13 59.92 627.04 376.22 801.92 1.76 2.02 4.58 -6.70 1.86 14.55 -1.56
515 393 Car -1 -1 -1.38 522.02 625.58 655.21 719.14 1.50 1.87 4.66 -2.88 2.15 22.19 -1.51
515 394 Car -1 -1 -1.13 63.94 626.49 377.52 799.86 1.76 2.02 4.58 -6.71 1.86 14.64 -1.56
516 393 Car -1 -1 -1.39 523.01 625.15 655.35 718.03 1.50 1.87 4.66 -2.89 2.14 22.31 -1.51
516 394 Car -1 -1 -1.13 67.91 625.95 378.81 797.83 1.76 2.02 4.58 -6.72 1.85 14.73 -1.56
517 393 Car -1 -1 -1.39 523.98 624.72 655.48 716.94 1.50 1.87 4.66 -2.90 2.14 22.43 -1.51
517 394 Car -1 -1 -1.13 71.81 625.42 380.09 795.84 1.76 2.02 4.58 -6.73 1.85 14.83 -1.56
518 393 Car -1 -1 -1.39 524.95 624.29 655.62 715.87 1.50 1.87 4.66 -2.90 2.14 22.55 -1.51
518 394 Car -1 -1 -1.13 75.66 624.90 381.36 793.87 1.76 2.02 4.58 -6.74 1.85 14.92 -1.55
519 393 Car -1 -1 -1.39 525.90 623.87 655.75 714.80 1.50 1.87 4.66 -2.91 2.13 22.67 -1.51
519 394 Car -1 -1 -1.13 79.46 624.37 382.61 791.93 1.76 2.02 4.58 -6.75 1.84 15.01 -1.55
520 393 Car -1 -1 -1.39 526.85 623.45 655.88 713.75 1.50 1.87 4.66 -2.91 2.13 22.79 -1.51
520 394 Car -1 -1 -1.13 83.20 623.86 383.85 790.02 1.76 2.02 4.58 -6.76 1.84 15.10 -1.55
521 393 Car -1 -1 -1.39 527.78 623.04 656.01 712.71 1.50 1.87 4.66 -2.92 2.13 22.91 -1.51
521 394 Car -1 -1 -1.13 86.88 623.35 385.07 788.14 1.76 2.02 4.58 -6.78 1.84 15.20 -1.55
522 393 Car -1 -1 -1.39 528.70 622.63 656.14 711.68 1.50 1.87 4.66 -2.92 2.12 23.03 -1.51
522 394 Car -1 -1 -1.14 90.51 622.85 386.28 786.28 1.76 2.02 4.58 -6.79 1.83 15.29 -1.55
523 393 Car -1 -1 -1.39 529.61 622.22 656.27 710.67 1.50 1.87 4.66 -2.93 2.12 23.15 -1.51
523 394 Car -1 -1 -1.14 94.09 622.35 387.48 784.45 1.76 2.02 4.58 -6.80 1.83 15.38 -1.55
524 393 Car -1 -1 -1.39 530.51 621.82 656.40 709.66 1.50 1.87 4.66 -2.93 2.12 23.27 -1.51
524 394 Car -1 -1 -1.14 97.62 621.85 388.67 782.65 1.76 2.02 4.58 -6.81 1.83 15.48 -1.55
525 393 Car -1 -1 -1.39 531.40 621.42 656.52 708.67 1.50 1.87 4.66 -2.94 2.11 23.39 -1.51
525 394 Car -1 -1 -1.14 101.10 621.36 389.84 780.87 1.76 2.02 4.58 -6.82 1.82 15.57 -1.55
526 393 Car -1 -1 -1.39 532.28 621.03 656.65 707.69 1.50 1.87 4.66 -2.95 2.11 23.51 -1.51
526 394 Car -1 -1 -1.14 104.53 620.88 391.00 779.11 1.76 2.02 4.58 -6.83 1.82 15.66 -1.55
527 393 Car -1 -1 -1.39 533.15 620.64 656.77 706.72 1.50 1.87 4.66 -2.95 2.11 23.63 -1.51
527 394 Car -1 -1 -1.14 107.91 620.40 392.15 777.38 1.76 2.02 4.58 -6.84 1.82 15.75 -1.55
528 393 Car -1 -1 -1.39 534.62 620.26 657.27 705.77 1.50 1.87 4.66 -2.95 2.10 23.75 -1.52
528 394 Car -1 -1 -1.14 111.96 619.94 393.83 775.68 1.76 2.02 4.58 -6.85 1.82 15.85 -1.55
529 393 Car -1 -1 -1.39 536.09 619.88 657.76 704.82 1.50 1.87 4.66 -2.94 2.10 23.87 -1.52
529 394 Car -1 -1 -1.14 115.95 619.47 395.49 774.01 1.76 2.02 4.58 -6.85 1.81 15.94 -1.55
530 393 Car -1 -1 -1.40 537.53 619.50 658.24 703.89 1.50 1.87 4.66 -2.94 2.10 23.99 -1.52
530 394 Car -1 -1 -1.15 119.89 619.01 397.13 772.36 1.76 2.02 4.58 -6.85 1.81 16.03 -1.55
531 393 Car -1 -1 -1.40 538.96 619.13 658.72 702.97 1.50 1.87 4.66 -2.93 2.10 24.11 -1.52
531 394 Car -1 -1 -1.15 123.78 618.56 398.75 770.73 1.76 2.02 4.58 -6.85 1.81 16.13 -1.55
532 393 Car -1 -1 -1.40 540.38 618.76 659.20 702.06 1.50 1.87 4.66 -2.92 2.09 24.23 -1.52
532 394 Car -1 -1 -1.15 127.61 618.11 400.36 769.12 1.76 2.02 4.58 -6.85 1.80 16.22 -1.55
533 393 Car -1 -1 -1.40 541.77 618.40 659.67 701.16 1.50 1.87 4.66 -2.92 2.09 24.35 -1.52
533 394 Car -1 -1 -1.15 131.40 617.67 401.95 767.54 1.76 2.02 4.58 -6.86 1.80 16.31 -1.55
534 393 Car -1 -1 -1.40 543.16 618.04 660.14 700.27 1.50 1.87 4.66 -2.91 2.09 24.47 -1.52
534 394 Car -1 -1 -1.15 135.13 617.23 403.53 765.97 1.76 2.02 4.58 -6.86 1.80 16.40 -1.55
535 393 Car -1 -1 -1.40 544.53 617.68 660.61 699.38 1.50 1.87 4.66 -2.91 2.08 24.59 -1.52
535 394 Car -1 -1 -1.15 138.82 616.79 405.09 764.43 1.76 2.02 4.58 -6.86 1.79 16.50 -1.55
536 393 Car -1 -1 -1.41 545.88 617.32 661.07 698.51 1.50 1.87 4.66 -2.90 2.08 24.71 -1.52
536 394 Car -1 -1 -1.15 142.45 616.36 406.64 762.90 1.76 2.02 4.58 -6.86 1.79 16.59 -1.55
537 393 Car -1 -1 -1.41 547.22 616.97 661.52 697.65 1.50 1.87 4.66 -2.90 2.08 24.83 -1.52
537 394 Car -1 -1 -1.16 146.04 615.93 408.17 761.39 1.76 2.02 4.58 -6.86 1.79 16.68 -1.55
538 393 Car -1 -1 -1.41 548.55 616.62 661.97 696.79 1.50 1.87 4.66 -2.89 2.07 24.95 -1.52
538 394 Car -1 -1 -1.16 149.59 615.51 409.69 759.91 1.76 2.02 4.58 -6.87 1.78 16.77 -1.55
